20131123143305,-36.29167,-65.19483,99.0,48.0,27955<br>
20131123143311,-36.29183,-65.19350,102.0,50.0,28040<br>
20131123143517,-36.29883,-65.16317,100.0,39.0,29867<br>
20131123143626,-36.30250,-65.14767,104.0,44.0,30782<br>
20131123143639,-36.30333,-65.14433,105.0,43.0,30953<br>
20131123143718,-36.30483,-65.13533,103.0,46.0,31533<br>
20131123143721,-36.30500,-65.13433,101.0,41.0,31586<br>
20131123143739,-36.30550,-65.12950,101.0,46.0,31825<br>
20131123143753,-36.30600,-65.12617,103.0,44.0,31983<br>
20131123143856,-36.30783,-65.10983,91.0,51.0,32836<br>
20131123144000,-36.30817,-65.09233,96.0,46.0,33787<br>
20131123144102,-36.30800,-65.07567,91.0,52.0,34810<br>
20131123144226,-36.30700,-65.05233,94.0,51.0,36089<br>
20131123144342,-36.30567,-65.02883,82.0,57.0,37106<br>
20131123144445,-36.30367,-65.00850,80.0,54.0,37985<br>
20131123144549,-36.30150,-64.98883,82.0,55.0,38936<br>
20131123144843,-36.29950,-64.93233,99.0,59.0,41403<br>
20131123144946,-36.30133,-64.91267,91.0,49.0,42151<br>
20131123145021,-36.30133,-64.90217,89.0,53.0,42561<br>
20131123145030,-36.30117,-64.89950,86.0,50.0,42659<br>
20131123145042,-36.30100,-64.89583,91.0,48.0,42810<br>
20131123145147,-36.30300,-64.87750,103.0,55.0,43555<br>
20131123145252,-36.30583,-64.85733,96.0,58.0,44319<br>
20131123145356,-36.30667,-64.83583,94.0,54.0,45149<br>
20131123145459,-36.30783,-64.81783,98.0,48.0,45952<br>
20131123145602,-36.30817,-64.80117,86.0,51.0,46703<br>
20131123145603,-36.30817,-64.80117,86.0,51.0,46703<br>
20131123145706,-36.30800,-64.78450,93.0,44.0,47418<br>
20131123145811,-36.30967,-64.76917,106.0,43.0,48238<br>
20131123145919,-36.31283,-64.75133,97.0,49.0,49160<br>
20131123150023,-36.31533,-64.73533,98.0,42.0,50000<br>
20131123150127,-36.31850,-64.71967,110.0,44.0,50800<br>
20131123150229,-36.32133,-64.70267,97.0,50.0,51574<br>
20131123150332,-36.32267,-64.68767,91.0,32.0,52322<br>
20131123150336,-36.32267,-64.68667,94.0,36.0,52384<br>
20131123150521,-36.32567,-64.66750,114.0,37.0,53854<br>
20131123150627,-36.32950,-64.65467,104.0,38.0,54710<br>
20131123150730,-36.33150,-64.64200,98.0,26.0,55481<br>
20131123150840,-36.33433,-64.63117,100.0,28.0,56376<br>
20131123150946,-36.33783,-64.62067,114.0,32.0,57275<br>
20131123151054,-36.34200,-64.60817,107.0,37.0,58206<br>
20131123151200,-36.34283,-64.59567,98.0,28.0,59056<br>
20131123151303,-36.34383,-64.58367,90.0,41.0,59889<br>
20131123151409,-36.34283,-64.57000,72.0,37.0,60778<br>
20131123151510,-36.34100,-64.56383,78.0,9.0,61791<br>
20131123151615,-36.33900,-64.56133,44.0,8.0,62693<br>
20131123151727,-36.33917,-64.55700,128.0,12.0,63704<br>
20131123151829,-36.34250,-64.55267,136.0,21.0,64665<br>
20131123151941,-36.34583,-64.54450,94.0,22.0,65655<br>
20131123152358,-36.35567,-64.51350,95.0,20.0,69273<br>
20131123152653,-36.35433,-64.50483,78.0,8.0,71858<br>
20131123152801,-36.35400,-64.50100,89.0,11.0,72865<br>
20131123153049,-36.35217,-64.49200,98.0,7.0,75397<br>
20131123153316,-36.35383,-64.48833,49.0,8.0,77676<br>
20131123153431,-36.35383,-64.48717,94.0,6.0,78798<br>
20131123153541,-36.35400,-64.48467,80.0,6.0,79936<br>
20131123153656,-36.35617,-64.48217,163.0,16.0,81088<br>
20131123153759,-36.36017,-64.47800,112.0,14.0,82127<br>
20131123153906,-36.36183,-64.47300,68.0,12.0,83180<br>
20131123154031,-36.36350,-64.47067,172.0,16.0,84482<br>
20131123154137,-36.36683,-64.46767,131.0,21.0,85519<br>
20131123154251,-36.36850,-64.46250,94.0,18.0,86719<br>
20131123154357,-36.36733,-64.45900,46.0,14.0,87867<br>
20131123154600,-36.36667,-64.45150,135.0,5.0,82360<br>
20131123154710,-36.36867,-64.45033,87.0,9.0,75289<br>
20131123154814,-36.36850,-64.44717,119.0,8.0,71113<br>
20131123154927,-36.36983,-64.44033,126.0,25.0,66994<br>
20131123155044,-36.37250,-64.43200,90.0,18.0,62992<br>
20131123155053,-36.37267,-64.43167,159.0,4.0,62631<br>
20131123155154,-36.37267,-64.43150,120.0,6.0,62336<br>
20131123155300,-36.37383,-64.41400,120.0,30.0,56845<br>
20131123155409,-36.37683,-64.40233,108.0,40.0,53926<br>
20131123155516,-36.37883,-64.38817,89.0,48.0,51181<br>
20131123155624,-36.38183,-64.36967,102.0,52.0,48698<br>
20131123155730,-36.38383,-64.35233,93.0,48.0,46402<br>
20131123155954,-36.38750,-64.30967,96.0,59.0,41944<br>
20131123160053,-36.38800,-64.29150,84.0,53.0,40324<br>
20131123160158,-36.38600,-64.27100,85.0,59.0,38533<br>
20131123160303,-36.38617,-64.25100,91.0,56.0,36886<br>
20131123160406,-36.38600,-64.23317,87.0,42.0,35256<br>
20131123160511,-36.38650,-64.21833,93.0,34.0,33538<br>
20131123160706,-36.38883,-64.19200,99.0,47.0,30818<br>
20131123160809,-36.39167,-64.17750,103.0,38.0,29395<br>
20131123160912,-36.39550,-64.16300,112.0,42.0,27975<br>
20131123160957,-36.39800,-64.15233,105.0,45.0,26991<br>
20131123161004,-36.39833,-64.15033,102.0,48.0,26823<br>
20131123161012,-36.39850,-64.14867,102.0,48.0,26672<br>
20131123161021,-36.39867,-64.14633,93.0,47.0,26479<br>
20131123161040,-36.39917,-64.14200,98.0,40.0,26079<br>
20131123161153,-36.40200,-64.12383,106.0,42.0,24449<br>
20131123161224,-36.40317,-64.11783,97.0,39.0,23806<br>
20131123161229,-36.40333,-64.11650,94.0,39.0,23658<br>
20131123161333,-36.40400,-64.10350,92.0,38.0,22336<br>
20131123161359,-36.40383,-64.09883,84.0,27.0,21825<br>
20131123161620,-36.40300,-64.07700,101.0,27.0,19194<br>
20131123161841,-36.40467,-64.05933,87.0,20.0,16754<br>
20131123161846,-36.40467,-64.05900,98.0,17.0,16659<br>
20131123161852,-36.40483,-64.05833,106.0,11.0,16521<br>
20131123161903,-36.40500,-64.05767,112.0,15.0,16344<br>
20131123161906,-36.40500,-64.05733,91.0,15.0,16288<br>
20131123162045,-36.40767,-64.05233,106.0,8.0,14697<br>
20131123162148,-36.41000,-64.04817,138.0,24.0,13743<br>
20131123162242,-36.41400,-64.04433,163.0,18.0,12887<br>
20131123162247,-36.41450,-64.04417,149.0,14.0,12792<br>
20131123162251,-36.41467,-64.04400,130.0,21.0,12729<br>
20131123162314,-36.41633,-64.04283,135.0,14.0,12395<br>
20131123162324,-36.41683,-64.04200,135.0,22.0,12247<br>
20131123162330,-36.41750,-64.04150,146.0,25.0,12158<br>
20131123162334,-36.41783,-64.04117,144.0,25.0,12099<br>
20131123162433,-36.42250,-64.03933,166.0,16.0,11204<br>
20131123162439,-36.42283,-64.03917,170.0,17.0,11145<br>
20131123162441,-36.42300,-64.03917,151.0,14.0,11083<br>
20131123162445,-36.42317,-64.03900,162.0,15.0,11037<br>
20131123162452,-36.42350,-64.03900,168.0,17.0,10974<br>
20131123162453,-36.42400,-64.03883,168.0,17.0,10902<br>
20131123162456,-36.42417,-64.03883,170.0,18.0,10873<br>
20131123162500,-36.42433,-64.03883,168.0,19.0,10827<br>
20131123162501,-36.42467,-64.03867,167.0,19.0,10784<br>
20131123162506,-36.42500,-64.03867,169.0,24.0,10725<br>
20131123162510,-36.42533,-64.03850,159.0,29.0,10676<br>
20131123162512,-36.42583,-64.03817,148.0,28.0,10614<br>
20131123162516,-36.42617,-64.03783,140.0,24.0,10568<br>
20131123162521,-36.42650,-64.03750,141.0,21.0,10496<br>
20131123162524,-36.42667,-64.03717,141.0,21.0,10450<br>
20131123162530,-36.42700,-64.03700,139.0,22.0,10407<br>
20131123162531,-36.42717,-64.03683,140.0,24.0,10361<br>
20131123162534,-36.42767,-64.03633,142.0,26.0,10289<br>
20131123162543,-36.42817,-64.03583,149.0,29.0,10217<br>
20131123162546,-36.42883,-64.03533,151.0,30.0,10128<br>
20131123162550,-36.42950,-64.03500,152.0,29.0,10063<br>
20131123162556,-36.43017,-64.03467,154.0,30.0,9990<br>
20131123162600,-36.43083,-64.03433,162.0,31.0,9925<br>
20131123162608,-36.43150,-64.03400,166.0,30.0,9859<br>
20131123162611,-36.43217,-64.03383,167.0,30.0,9794<br>
20131123162616,-36.43283,-64.03367,159.0,30.0,9728<br>
20131123162624,-36.43367,-64.03317,146.0,25.0,9633<br>
20131123162627,-36.43400,-64.03283,145.0,24.0,9577<br>
20131123162634,-36.43450,-64.03233,143.0,24.0,9498<br>
20131123162639,-36.43483,-64.03200,143.0,21.0,9433<br>
20131123162645,-36.43533,-64.03150,147.0,18.0,9357<br>
20131123162647,-36.43567,-64.03133,148.0,18.0,9305<br>
20131123162651,-36.43583,-64.03117,156.0,16.0,9269<br>
20131123162656,-36.43617,-64.03100,170.0,16.0,9203<br>
20131123162701,-36.43650,-64.03100,176.0,18.0,9138<br>
20131123162704,-36.43683,-64.03100,173.0,17.0,9098<br>
20131123162709,-36.43717,-64.03100,170.0,16.0,9049<br>
20131123162714,-36.43750,-64.03100,173.0,16.0,8997<br>
20131123162716,-36.43767,-64.03083,176.0,17.0,8944<br>
20131123162724,-36.43850,-64.03083,176.0,25.0,8842<br>
20131123162731,-36.43933,-64.03050,149.0,21.0,8754<br>
20131123162735,-36.43967,-64.03033,176.0,17.0,8688<br>
20131123162741,-36.44017,-64.03033,180.0,22.0,8626<br>
20131123162745,-36.44050,-64.03033,174.0,26.0,8577<br>
20131123162750,-36.44117,-64.03017,153.0,26.0,8511<br>
20131123162752,-36.44150,-64.03000,150.0,20.0,8472<br>
20131123162800,-36.44217,-64.03000,171.0,27.0,8357<br>
20131123162806,-36.44267,-64.02967,150.0,20.0,8291<br>
20131123162810,-36.44317,-64.02950,178.0,21.0,8226<br>
20131123162814,-36.44350,-64.02933,159.0,26.0,8170<br>
20131123162819,-36.44400,-64.02917,151.0,20.0,8108<br>
20131123162824,-36.44433,-64.02900,172.0,17.0,8062<br>
20131123162836,-36.44517,-64.02867,150.0,24.0,7967<br>
20131123162836,-36.44483,-64.02900,170.0,26.0,8013<br>
20131123162839,-36.44567,-64.02850,168.0,17.0,7904<br>
20131123162842,-36.44617,-64.02833,166.0,27.0,7845<br>
20131123162846,-36.44650,-64.02817,146.0,23.0,7796<br>
20131123162853,-36.44717,-64.02783,172.0,20.0,7708<br>
20131123162856,-36.44750,-64.02783,173.0,25.0,7658<br>
20131123162901,-36.44800,-64.02767,156.0,29.0,7609<br>
20131123162908,-36.44850,-64.02733,150.0,20.0,7544<br>
20131123162911,-36.44900,-64.02700,161.0,18.0,7462<br>
20131123162919,-36.44967,-64.02683,172.0,26.0,7363<br>
20131123162922,-36.45017,-64.02683,162.0,31.0,7304<br>
20131123162930,-36.45100,-64.02650,160.0,30.0,7216<br>
20131123162933,-36.45150,-64.02617,151.0,29.0,7153<br>
20131123162939,-36.45200,-64.02583,149.0,29.0,7097<br>
20131123162941,-36.45250,-64.02533,147.0,28.0,7022<br>
20131123162949,-36.45317,-64.02500,167.0,21.0,6914<br>
20131123162951,-36.45350,-64.02500,169.0,26.0,6868<br>
20131123162956,-36.45400,-64.02467,155.0,30.0,6809<br>
20131123163050,-36.45883,-64.02217,176.0,21.0,6068<br>
20131123163054,-36.45967,-64.02200,155.0,26.0,5995<br>
20131123163101,-36.46017,-64.02167,163.0,17.0,5910<br>
20131123163110,-36.46133,-64.02100,148.0,24.0,5772<br>
20131123163114,-36.46167,-64.02083,153.0,21.0,5717<br>
20131123163124,-36.46250,-64.02067,171.0,28.0,5621<br>
20131123163126,-36.46300,-64.02050,160.0,32.0,5566<br>
20131123163129,-36.46350,-64.02017,151.0,29.0,5513<br>
20131123163135,-36.46417,-64.01983,166.0,21.0,5434<br>
20131123163139,-36.46450,-64.01967,173.0,25.0,5385<br>
20131123163144,-36.46517,-64.01950,161.0,32.0,5316<br>
20131123163149,-36.46583,-64.01917,151.0,28.0,5251<br>
20131123163156,-36.46633,-64.01883,172.0,23.0,5169<br>
20131123163200,-36.46683,-64.01883,172.0,31.0,5116<br>
20131123163204,-36.46767,-64.01867,157.0,32.0,5047<br>
20131123163209,-36.46817,-64.01833,153.0,27.0,4992<br>
20131123163213,-36.46850,-64.01817,173.0,21.0,4929<br>
20131123163219,-36.46933,-64.01817,171.0,31.0,4851<br>
20131123163224,-36.47000,-64.01783,159.0,28.0,4782<br>
20131123163227,-36.47033,-64.01767,161.0,22.0,4723<br>
20131123163233,-36.47083,-64.01767,180.0,25.0,4651<br>
20131123163236,-36.47133,-64.01767,176.0,30.0,4592<br>
20131123163242,-36.47217,-64.01733,159.0,24.0,4503<br>
20131123163246,-36.47250,-64.01733,169.0,19.0,4460<br>
20131123163251,-36.47300,-64.01733,183.0,25.0,4385<br>
20131123163256,-36.47367,-64.01733,172.0,29.0,4309<br>
20131123163301,-36.47417,-64.01700,158.0,23.0,4234<br>
20131123163306,-36.47467,-64.01700,178.0,20.0,4159<br>
20131123163310,-36.47500,-64.01700,182.0,24.0,4100<br>
20131123163315,-36.47567,-64.01700,168.0,31.0,4037<br>
20131123163319,-36.47617,-64.01667,164.0,21.0,3958<br>
20131123163323,-36.47667,-64.01667,180.0,23.0,3883<br>
20131123163327,-36.47700,-64.01667,176.0,29.0,3834<br>
20131123163330,-36.47767,-64.01650,163.0,30.0,3765<br>
20131123163334,-36.47800,-64.01633,156.0,25.0,3696<br>
20131123163341,-36.47850,-64.01617,169.0,21.0,3604<br>
20131123163343,-36.47900,-64.01600,179.0,26.0,3522<br>
20131123163347,-36.47933,-64.01600,177.0,30.0,3463<br>
20131123163352,-36.48000,-64.01600,174.0,30.0,3388<br>
20131123163400,-36.48083,-64.01583,166.0,29.0,3257<br>
20131123163401,-36.48133,-64.01567,159.0,27.0,3204<br>
20131123163405,-36.48183,-64.01533,157.0,23.0,3112<br>
20131123163414,-36.48233,-64.01533,178.0,21.0,2994<br>
20131123163416,-36.48283,-64.01533,181.0,28.0,2915<br>
20131123163420,-36.48350,-64.01517,163.0,29.0,2817<br>
20131123163424,-36.48400,-64.01500,160.0,28.0,2745<br>
20131123163429,-36.48433,-64.01467,158.0,25.0,2666<br>
20131123163442,-36.48567,-64.01450,183.0,24.0,2437<br>
20131123163454,-36.48700,-64.01433,180.0,22.0,2210<br>
20131123163540,-36.49217,-64.01283,172.0,21.0,1439<br>
20140308144400,-36.03111,-64.93888,200.0,9.64,606,0<br>    
20140308144423,-36.03164,-64.93912,186.0,16.0,990,45<br>    
20140308144400,-36.03111,-64.93888,200.0,9.64,606,0<br>    
20140308144423,-36.03164,-64.93912,186.0,16.0,990,45<br>    
20140308144453,-36.03284,-64.93927,168.0,25.7,1482,68<br>    
20140308144524,-36.03478,-64.93876,150.0,35.4,1988,86<br>    
20140308144546,-36.03647,-64.93756,137.0,40.2,2349,96<br>    
20140308144557,-36.03729,-64.93661,130.0,45.0,2532,101<br>    
20140308144625,-36.03933,-64.93359,130.0,45.0,2998,113<br>    
20140308144823,-36.04782,-64.92109,135.0,32.1,4917,152<br>    
20140308144827,-36.04809,-64.92075,135.0,33.7,5000,153<br>    
20140308144903,-36.05022,-64.91811,122.0,28.9,5583,163<br>    
20140308145029,-36.05353,-64.91155,90.0,20.9,6998,185<br>    
20140308145154,-36.05033,-64.89933,96.0,17.0,9472<br>    
20140308150414,-36.02333,-64.76933,55.0,71.0,23435<br>    
20140308150425,-36.02150,-64.76583,54.0,67.0,23688<br>    
20140308150444,-36.01850,-64.75967,62.0,69.0,24147<br>    
20140308150541,-36.00983,-64.74333,60.0,61.0,25469<br>    
20140308150649,-35.99967,-64.72533,49.0,61.0,27033<br>    
20140308150655,-35.99900,-64.72383,60.0,53.0,27138<br>    
20140308150716,-35.99583,-64.71783,54.0,51.0,27624<br>    
20140308150932,-35.97567,-64.67800,53.0,60.0,30671<br>    
20140308151025,-35.96833,-64.66333,54.0,59.0,31802<br>    
20140308151137,-35.95733,-64.64100,63.0,66.0,33377<br>    
20140308151243,-35.94767,-64.61967,62.0,66.0,34666<br>    
20140308151451,-35.92900,-64.57067,55.0,77.0,37159<br>    
20140308151553,-35.91900,-64.54850,63.0,69.0,38451<br>    
20140308151711,-35.90667,-64.52017,60.0,69.0,40088<br>    
20140308152150,-35.87500,-64.42750,69.0,53.0,45490<br>    
20140308152256,-35.86783,-64.40783,69.0,44.0,46844<br>    
20140308152309,-35.86683,-64.40383,72.0,61.0,47146<br>    
20140308152413,-35.86067,-64.38250,71.0,65.0,48606<br>    
20140308152633,-35.84533,-64.33767,77.0,46.0,51673<br>    
20140308153107,-35.83433,-64.27233,94.0,28.0,57154<br>    
20140308153112,-35.83450,-64.27133,100.0,30.0,57258<br>    
20140308153118,-35.83450,-64.27017,86.0,34.0,57386<br>    
20140308153226,-35.83617,-64.25817,89.0,37.0,58803<br>    
20140308153421,-35.83633,-64.23817,83.0,36.0,61336<br>    
20140308153627,-35.83600,-64.22283,86.0,21.0,64173<br>    
20140308153726,-35.83717,-64.22183,162.0,16.0,65508<br>    
20140308153856,-35.84300,-64.21800,124.0,30.0,67226<br>    
20140308153959,-35.84567,-64.21117,115.0,14.0,68456<br>    
20140308154206,-35.84883,-64.20717,198.0,5.0,71182<br>    
20140308154255,-35.84900,-64.20700,292.0,4.0,72291<br>    
20140308154345,-35.85150,-64.20633,166.0,12.0,73406<br>    
20140308154501,-35.85383,-64.20600,178.0,10.0,75171<br>    
20140308154633,-35.85767,-64.20533,153.0,15.0,77293<br>    
20140308154651,-35.85850,-64.20583,217.0,7.0,77644<br>    
20140308154823,-35.86017,-64.20667,22.0,5.0,79723<br>    
20140308155137,-35.86500,-64.20967,243.0,5.0,84427<br>    
20140308155243,-35.86350,-64.21167,314.0,10.0,85896<br>    
20140308155344,-35.86200,-64.21650,352.0,12.0,87310<br>    
20140308155531,-35.86100,-64.22183,216.0,14.0,83121<br>    
20140308155617,-35.86233,-64.22183,132.0,11.0,78972<br>    
20140308155802,-35.86650,-64.21917,133.0,5.0,69007<br>    
20140308155826,-35.86683,-64.21733,115.0,28.0,67423<br>    
20140308155845,-35.86817,-64.21533,153.0,22.0,66328<br>    
20140308155914,-35.87017,-64.21450,135.0,12.0,64629<br>    
20140308160017,-35.87050,-64.20800,87.0,24.0,61313<br>    
20140308160129,-35.87083,-64.19600,96.0,34.0,57678<br>    
20140308160144,-35.87117,-64.19317,101.0,31.0,56957<br>    
20140308160203,-35.87150,-64.18950,78.0,41.0,56124<br>    
20140308160227,-35.87017,-64.18400,73.0,47.0,55064<br>    
20140308160455,-35.86000,-64.14200,69.0,65.0,48878<br>    
20140308160542,-35.85567,-64.12700,75.0,59.0,47002<br>    
20140308160548,-35.85483,-64.12450,67.0,57.0,46680<br>    
20140308160558,-35.85367,-64.12150,60.0,56.0,46287<br>    
20140308160618,-35.85083,-64.11533,64.0,66.0,45526<br>    
20140308160629,-35.84967,-64.11200,70.0,64.0,45142<br>    
20140308160640,-35.84867,-64.10800,72.0,60.0,44683<br>    
20140308160753,-35.84133,-64.08250,69.0,64.0,42036<br>    
20140308160903,-35.83100,-64.05883,61.0,75.0,39674<br>    
20140308160933,-35.82617,-64.04767,62.0,67.0,38700<br>    
20140308160959,-35.82217,-64.03833,63.0,72.0,37880<br>    
20140308161015,-35.82000,-64.03300,62.0,73.0,37418<br>    
20140308161028,-35.81817,-64.02850,62.0,74.0,37044<br>    
20140308161038,-35.81617,-64.02400,62.0,75.0,36676<br>    
20140308161059,-35.81283,-64.01583,65.0,76.0,36037<br>    
20140308161201,-35.80450,-63.99317,65.0,66.0,34174<br>    
20140308161235,-35.80000,-63.98200,59.0,69.0,33160<br>    
20140308161310,-35.79467,-63.97067,59.0,62.0,32035<br>    
20140308161330,-35.79167,-63.96417,62.0,62.0,31376<br>    
20140308161448,-35.78067,-63.94150,57.0,55.0,28988<br>    
20140308161547,-35.77200,-63.92617,51.0,56.0,27322<br>    
20140308161624,-35.76667,-63.91667,52.0,58.0,26289<br>    
20140308161702,-35.76167,-63.90733,61.0,57.0,25269<br>    
20140308161805,-35.75217,-63.88833,62.0,65.0,23622<br>    
20140308161845,-35.74700,-63.87717,65.0,53.0,22622<br>    
20140308161949,-35.74233,-63.86700,55.0,40.0,21405<br>    
20140308162001,-35.74233,-63.86700,55.0,40.0,21405<br>    
20140308162042,-35.73667,-63.85333,67.0,37.0,19388<br>    
20140308162115,-35.73483,-63.84700,71.0,38.0,18482<br>    
20140308162121,-35.73433,-63.84567,70.0,37.0,18292<br>    
20140308162331,-35.73017,-63.82283,85.0,27.0,14930<br>    
20140308162434,-35.72933,-63.81350,81.0,25.0,13451<br>    
20140308162454,-35.72933,-63.81067,94.0,21.0,13001<br>    
20140308162536,-35.73017,-63.80517,94.0,24.0,12057<br>    
20140308162545,-35.73033,-63.80400,110.0,25.0,11844<br>    
20140308162648,-35.73317,-63.79617,129.0,22.0,10364<br>    
20140308162657,-35.73367,-63.79517,125.0,18.0,10164<br>    
20140308162704,-35.73400,-63.79450,113.0,24.0,10033<br>    
20140308162758,-35.73633,-63.78950,127.0,15.0,8862<br>    
20140308162903,-35.73833,-63.78467,134.0,14.0,7481<br>    
20140308162917,-35.73883,-63.78350,110.0,22.0,7166<br>    
20140308163012,-35.74133,-63.77867,125.0,24.0,6068<br>    
20140308163018,-35.74167,-63.77817,137.0,22.0,5949<br>    
20140308163028,-35.74233,-63.77733,132.0,23.0,5753<br>    
20140308163036,-35.74283,-63.77667,139.0,14.0,5582<br>    
20140308163045,-35.74333,-63.77600,140.0,21.0,5405<br>    
20140308163141,-35.74550,-63.77050,108.0,23.0,4444<br>    
20140308163159,-35.74617,-63.76917,102.0,11.0,4139<br>    
20140308163210,-35.74650,-63.76833,114.0,18.0,3945<br>    
20140308163221,-35.74717,-63.76733,119.0,14.0,3742<br>    
20140308163323,-35.75050,-63.76300,136.0,14.0,2528<br>    
20140308163348,-35.75233,-63.76200,155.0,14.0,1971<br>    
20140308163411,-35.75367,-63.76150,152.0,18.0,1453<br>
20141025143720,-36.05783,-64.94650,185.0,12.0,5389<br>
20141025143833,-36.06183,-64.94917,222.0,13.0,6602<br>
20141025144114,-36.06950,-64.94867,121.0,20.0,9443<br>
20141025144216,-36.07217,-64.94233,117.0,21.0,10535<br>
20141025144319,-36.07500,-64.93417,120.0,26.0,11624<br>
20141025144433,-36.07617,-64.92450,108.0,24.0,12952<br>
20141025144513,-36.07683,-64.91950,88.0,23.0,13707<br>
20141025144618,-36.07700,-64.91083,78.0,25.0,14878<br>
20141025144722,-36.07667,-64.90183,94.0,31.0,16029<br>
20141025144826,-36.07600,-64.89000,79.0,36.0,17200<br>
20141025145050,-36.07367,-64.86117,74.0,33.0,19811<br>
20141025145155,-36.07050,-64.84900,66.0,41.0,21005<br>
20141025145258,-36.06517,-64.83467,62.0,46.0,22248<br>
20141025145401,-36.05867,-64.81783,73.0,59.0,23396<br>
20141025145426,-36.05650,-64.81017,69.0,59.0,23832<br>
20141025145435,-36.05583,-64.80733,76.0,56.0,24012<br>
20141025145542,-36.04983,-64.78617,68.0,64.0,25108<br>
20141025145646,-36.04367,-64.76583,65.0,63.0,26331<br>
20141025145749,-36.03617,-64.74567,67.0,68.0,27479<br>
20141025150040,-36.01100,-64.68250,69.0,83.0,30353<br>
20141025150145,-36.00167,-64.65467,64.0,82.0,31465<br>
20141025150252,-35.99100,-64.62683,64.0,79.0,32632<br>
20141025150356,-35.98050,-64.60233,64.0,77.0,33724<br>
20141025150609,-35.95150,-64.54383,59.0,92.0,36139<br>
20141025150713,-35.93650,-64.51417,58.0,105.0,37070<br>
20141025150816,-35.92200,-64.48517,61.0,94.0,38212<br>
20141025150942,-35.90367,-64.44517,62.0,100.0,39845<br>
20141025151047,-35.89033,-64.41650,62.0,95.0,41249<br>
20141025151331,-35.86683,-64.34800,68.0,78.0,43853<br>
20141025151435,-35.85733,-64.32450,59.0,64.0,44880<br>
20141025151607,-35.84417,-64.29533,65.0,66.0,46166<br>
20141025151800,-35.82900,-64.26017,59.0,61.0,47674<br>
20141025151903,-35.82050,-64.24400,56.0,54.0,48566<br>
20141025152024,-35.81100,-64.22983,51.0,42.0,49839<br>
20141025152131,-35.80600,-64.22000,69.0,29.0,50823<br>
20141025152248,-35.80350,-64.20467,72.0,48.0,51915<br>
20141025152353,-35.79833,-64.18750,68.0,50.0,52926<br>
20141025152457,-35.79183,-64.17417,42.0,37.0,53890<br>
20141025152604,-35.78767,-64.16467,61.0,32.0,55005<br>
20141025152754,-35.78283,-64.15267,82.0,27.0,56665<br>
20141025153102,-35.77850,-64.13717,101.0,20.0,59495<br>
20141025153205,-35.77833,-64.13017,75.0,23.0,60456<br>
20141025153320,-35.77550,-64.12333,25.0,13.0,61585<br>
20141025153432,-35.77083,-64.12183,20.0,21.0,62621<br>
20141025153538,-35.76550,-64.12167,322.0,12.0,63582<br>
20141025153709,-35.76183,-64.12467,309.0,16.0,65085<br>
20141025153816,-35.75833,-64.12767,344.0,17.0,66101<br>
20141025153934,-35.75317,-64.13067,322.0,18.0,67295<br>
20141025154105,-35.75117,-64.13683,252.0,7.0,68866<br>
20141025154318,-35.74550,-64.14383,311.0,17.0,71113<br>
20141025154450,-35.74350,-64.15017,239.0,7.0,72720<br>
20141025154557,-35.74117,-64.15400,293.0,9.0,73855<br>
20141025154710,-35.73683,-64.16050,301.0,23.0,75108<br>
20141025154813,-35.73400,-64.16833,290.0,24.0,76145<br>
20141025155016,-35.73400,-64.18267,290.0,15.0,77736<br>
20141025155129,-35.73100,-64.18983,297.0,20.0,70867<br>
20141025155241,-35.72733,-64.19400,331.0,16.0,65780<br>
20141025155412,-35.72233,-64.19233,74.0,29.0,60263<br>
20141025155607,-35.71967,-64.18050,65.0,24.0,54526<br>
20141025155711,-35.71467,-64.16617,78.0,43.0,51604<br>
20141025155816,-35.71050,-64.15517,53.0,43.0,48780<br>
20141025155932,-35.70100,-64.13350,61.0,58.0,45785<br>
20141025160045,-35.69033,-64.10850,64.0,74.0,43066<br>
20141025160149,-35.67733,-64.08183,55.0,88.0,40865<br>
20141025160255,-35.66117,-64.05400,55.0,95.0,38700<br>
20141025160522,-35.62733,-63.99567,57.0,76.0,34522<br>
20141025160627,-35.61533,-63.97167,58.0,77.0,32695<br>
20141025160640,-35.61333,-63.96650,65.0,83.0,32350<br>
20141025160647,-35.61217,-63.96367,59.0,79.0,32157<br>
20141025160650,-35.61167,-63.96250,64.0,83.0,32071<br>
20141025160800,-35.60017,-63.93533,63.0,69.0,30143<br>
20141025160905,-35.58883,-63.91500,56.0,60.0,28421<br>
20141025161007,-35.58050,-63.89650,69.0,60.0,26827<br>
20141025161110,-35.57383,-63.87800,68.0,53.0,25223<br>
20141025161213,-35.56767,-63.85950,65.0,57.0,23724<br>
20141025161316,-35.56133,-63.84567,55.0,39.0,22244<br>
20141025161422,-35.55733,-63.83367,68.0,34.0,20736<br>
20141025161525,-35.55617,-63.82317,80.0,32.0,19302<br>
20141025161750,-35.55483,-63.79467,78.0,34.0,16134<br>
20141025161853,-35.55367,-63.78450,83.0,31.0,14789<br>
20141025161956,-35.55267,-63.77517,97.0,26.0,13516<br>
20141025162059,-35.55267,-63.76667,90.0,27.0,12208<br>
20141025162244,-35.55383,-63.75383,124.0,14.0,10099<br>
20141025162349,-35.55717,-63.75017,155.0,16.0,8829<br>
20141025162456,-35.56100,-63.74817,150.0,12.0,7540<br>
20141025162617,-35.56600,-63.74183,132.0,24.0,6061<br>
20141025162720,-35.57233,-63.73783,159.0,25.0,4942<br>
20141025162826,-35.58033,-63.73600,187.0,29.0,3942<br>
20141025162833,-35.58100,-63.73600,184.0,29.0,3854<br>
20141025162854,-35.58367,-63.73600,187.0,26.0,3506<br>
20141025162957,-35.59100,-63.73717,190.0,28.0,2407<br>
20141025163003,-35.59183,-63.73733,189.0,25.0,2309<br>
20141025163009,-35.59233,-63.73733,187.0,22.0,2227<br>
20141025163015,-35.59317,-63.73750,187.0,26.0,2105<br>
20141025163025,-35.59433,-63.73767,191.0,25.0,1915<br>
20141025163034,-35.59517,-63.73783,184.0,20.0,1764<br>
20141025163041,-35.59600,-63.73800,185.0,26.0,1620<br>
20141025163054,-35.59733,-63.73817,193.0,23.0,1400<br>
20141025163100,-35.59800,-63.73833,184.0,23.0,1272<br>
20141025163113,-35.59950,-63.73850,193.0,23.0,1043<br>
20141025163119,-35.60017,-63.73850,190.0,22.0,951<br>
20141025163126,-35.60083,-63.73867,172.0,24.0,849<br>
20141025163133,-35.60167,-63.73867,190.0,23.0,734<br>
20141025163341,-35.60350,-63.73900,0.0,0.0,370<br>
20141025163444,-35.60350,-63.73900,0.0,0.0,370<br>
20151003162630,-35.83933,-61.85967,326.0,5.0,1394<br>
20151003162717,-35.83817,-61.86017,77.0,1.0,2587<br>
20151003162912,-35.83550,-61.86217,300.0,14.0,5080<br>
20151003163118,-35.82783,-61.86500,42.0,16.0,7580<br>
20151003163221,-35.82300,-61.85933,49.0,32.0,8869<br>
20151003163324,-35.81817,-61.84867,57.0,34.0,10095<br>
20151003163436,-35.81433,-61.83533,59.0,38.0,11502<br>
20151003163548,-35.80833,-61.82083,67.0,47.0,12952<br>
20151003163653,-35.80250,-61.80650,58.0,42.0,14258<br>
20151003163755,-35.79617,-61.79400,63.0,46.0,15563<br>
20151003163830,-35.79250,-61.78550,69.0,54.0,16242<br>
20151003163907,-35.78867,-61.77567,69.0,54.0,17006<br>
20151003164010,-35.78267,-61.75933,70.0,55.0,18279<br>
20151003164039,-35.78000,-61.75117,66.0,56.0,18889<br>
20151003164144,-35.77400,-61.73317,63.0,57.0,20208<br>
20151003164246,-35.76800,-61.71533,65.0,61.0,21631<br>
20151003164356,-35.76150,-61.69500,73.0,54.0,22907<br>
20151003164523,-35.75367,-61.66800,74.0,54.0,24636<br>
20151003164631,-35.74833,-61.64667,77.0,64.0,25915<br>
20151003164752,-35.74183,-61.61733,75.0,68.0,27535<br>
20151003164858,-35.73567,-61.59450,70.0,64.0,28808<br>
20151003165030,-35.72650,-61.56183,67.0,66.0,30681<br>
20151003165133,-35.72250,-61.53867,77.0,63.0,32104<br>
20151003165338,-35.71500,-61.48967,74.0,79.0,34689<br>
20151003165443,-35.71117,-61.46300,75.0,79.0,35919<br>
20151003165606,-35.70450,-61.43517,63.0,34.0,37798<br>
20151003165711,-35.70350,-61.41983,89.0,48.0,38982<br>
20151003165815,-35.70483,-61.40167,99.0,61.0,39960<br>
20151003165922,-35.70850,-61.38233,99.0,44.0,41088<br>
20151003170026,-35.71083,-61.36717,102.0,47.0,42410<br>
20151003170132,-35.71350,-61.34967,98.0,44.0,43489<br>
20151003170236,-35.71517,-61.33583,98.0,37.0,44752<br>
20151003170339,-35.71717,-61.32167,96.0,38.0,45972<br>
20151003170512,-35.71817,-61.30050,84.0,43.0,47369<br>
20151003170630,-35.71750,-61.28083,85.0,51.0,48609<br>
20151003170838,-35.71567,-61.25450,95.0,27.0,50800<br>
20151003170948,-35.71750,-61.24183,102.0,35.0,51968<br>
20151003171120,-35.71983,-61.22450,91.0,27.0,53480<br>
20151003171424,-35.71983,-61.20567,142.0,12.0,56593<br>
20151003171528,-35.72250,-61.19883,104.0,23.0,57629<br>
20151003171743,-35.72617,-61.18667,128.0,23.0,59981<br>
20151003171849,-35.72767,-61.17950,101.0,21.0,61034<br>
20151003172000,-35.72850,-61.17367,104.0,15.0,62188<br>
20151003172113,-35.72950,-61.16517,76.0,18.0,63471<br>
20151003172226,-35.72717,-61.16083,12.0,5.0,64780<br>
20151003172329,-35.72583,-61.16000,27.0,2.0,65849<br>
20151003172457,-35.72600,-61.15867,167.0,8.0,67295<br>
20151003172503,-35.72633,-61.15850,124.0,13.0,67387<br>
20151003172515,-35.72633,-61.15817,64.0,7.0,67561<br>
20151003172618,-35.72483,-61.15633,20.0,7.0,68620<br>
20151003172635,-35.72433,-61.15633,351.0,9.0,68866<br>
20151003172726,-35.72333,-61.15633,344.0,7.0,69749<br>
20151003172844,-35.72283,-61.15767,334.0,7.0,71067<br>
20151003172942,-35.72100,-61.15750,349.0,9.0,72068<br>
20151003173009,-35.72067,-61.15750,77.0,6.0,71845<br>
20151003173032,-35.72033,-61.15783,31.0,14.0,69309<br>
20151003173136,-35.71983,-61.15700,354.0,4.0,64944<br>
20151003173240,-35.71983,-61.15233,95.0,16.0,61316<br>
20151003173302,-35.72017,-61.14983,119.0,22.0,60106<br>
20151003173323,-35.72150,-61.14800,107.0,15.0,58987<br>
20151003173336,-35.72167,-61.14650,96.0,22.0,58315<br>
20151003173439,-35.72317,-61.14067,68.0,14.0,55222<br>
20151003173550,-35.72267,-61.13083,97.0,33.0,51978<br>
20151003173701,-35.72317,-61.11817,82.0,44.0,48993<br>
20151003173947,-35.72550,-61.07733,97.0,52.0,42521<br>
20151003174052,-35.72767,-61.05967,98.0,54.0,40258<br>
20151003174154,-35.72833,-61.04267,77.0,39.0,38054<br>
20151003174300,-35.72217,-61.02333,75.0,80.0,36011<br>
20151003174415,-35.71700,-60.99117,79.0,70.0,33754<br>
20151003174518,-35.71167,-60.96533,72.0,80.0,31937<br>
20151003174634,-35.70417,-60.93433,72.0,70.0,29926<br>
20151003174736,-35.69767,-60.91000,74.0,71.0,28303<br>
20151003174842,-35.69150,-60.88600,72.0,69.0,26653<br>
20151003174945,-35.68567,-60.86400,68.0,60.0,25213<br>
20151003175049,-35.67883,-60.84317,72.0,64.0,23734<br>
20151003175159,-35.67267,-60.82000,69.0,59.0,22143<br>
20151003175302,-35.66650,-60.80083,68.0,62.0,20765<br>
20151003175420,-35.65917,-60.77667,67.0,58.0,19030<br>
20151003175427,-35.66650,-60.80083,68.0,62.0,20765<br>
20151003175529,-35.65233,-60.75733,68.0,55.0,17613<br>
20151003175636,-35.64467,-60.73883,55.0,53.0,16265<br>
20151003175736,-35.63767,-60.72433,63.0,49.0,15173<br>
20151003175739,-35.63717,-60.72300,59.0,47.0,15084<br>
20151003175811,-35.63417,-60.71517,67.0,50.0,14484<br>
20151003175845,-35.63133,-60.70667,60.0,46.0,13880<br>
20151003180123,-35.61567,-60.67200,61.0,45.0,11414<br>
20151003180201,-35.61233,-60.66433,63.0,39.0,10863<br>
20151003180213,-35.61150,-60.66167,68.0,46.0,10702<br>
20151003180234,-35.61000,-60.65717,60.0,42.0,10391<br>
20151003180306,-35.60767,-60.65017,65.0,37.0,9918<br>
20151003180410,-35.60283,-60.63650,57.0,42.0,9056<br>
20151003180524,-35.59617,-60.62650,21.0,21.0,8085<br>
20151003180639,-35.58967,-60.62433,332.0,15.0,7002<br>
20151003180711,-35.58700,-60.62517,348.0,16.0,6550<br>
20151003180716,-35.58683,-60.62533,324.0,23.0,6504<br>
20151003180722,-35.58617,-60.62567,329.0,16.0,6418<br>
20151003180732,-35.58517,-60.62617,332.0,16.0,6307<br>
20151003180742,-35.58433,-60.62667,342.0,16.0,6195<br>
20151003180843,-35.57917,-60.62900,336.0,20.0,5546<br>
20151003180849,-35.57883,-60.62900,314.0,11.0,5477<br>
20151003180911,-35.57750,-60.62967,20.0,4.0,5208<br>
20151003180948,-35.57650,-60.62967,318.0,7.0,4742<br>
20151003180954,-35.57633,-60.62967,35.0,10.0,4687<br>
20151003181000,-35.57617,-60.62967,11.0,12.0,4595<br>
20151003181036,-35.57567,-60.62950,109.0,6.0,4129<br>
20151003181045,-35.57567,-60.62917,56.0,9.0,4011<br>
20160227141137,-35.84050,-61.86033,0.0,0.0,295<br>
20160227141230,-35.84100,-61.85933,145.0,12.0,521<br>
20160227141237,-35.84133,-61.85900,124.0,9.0,639<br>
20160227141254,-35.84167,-61.85817,107.0,10.0,1013<br>
20160227141357,-35.84317,-61.85383,119.0,15.0,2036<br>
20160227141916,-35.84900,-61.82150,72.0,21.0,7557<br>
20160227142003,-35.84683,-61.81617,47.0,23.0,8373<br>
20160227142205,-35.83667,-61.79617,60.0,40.0,10633<br>
20160227142214,-35.83567,-61.79417,56.0,41.0,10791<br>
20160227142253,-35.83167,-61.78567,60.0,46.0,11496<br>
20160227142435,-35.81883,-61.76317,54.0,52.0,13415<br>
20160227142538,-35.81067,-61.74850,55.0,51.0,14599<br>
20160227142610,-35.80717,-61.74067,65.0,49.0,15163<br>
20160227142628,-35.80550,-61.73617,66.0,51.0,15435<br>
20160227142656,-35.80283,-61.72933,66.0,49.0,15908<br>
20160227142706,-35.80217,-61.72750,66.0,47.0,15999<br>
20160227142722,-35.80067,-61.72350,61.0,46.0,16213<br>
20160227142822,-35.79633,-61.70817,71.0,50.0,16983<br>
20160227142927,-35.79250,-61.69150,81.0,45.0,18138<br>
20160227143029,-35.78950,-61.67467,71.0,52.0,19217<br>
20160227143233,-35.78083,-61.64000,71.0,50.0,20575<br>
20160227143340,-35.77700,-61.61983,76.0,55.0,21677<br>
20160227143443,-35.77317,-61.60083,80.0,53.0,22681<br>
20160227143552,-35.77017,-61.58117,85.0,50.0,23655<br>
20160227143658,-35.76867,-61.56150,81.0,55.0,24586<br>
20160227143803,-35.76767,-61.53833,87.0,58.0,25734<br>
20160227143907,-35.76750,-61.51650,88.0,59.0,26384<br>
20160227144013,-35.76667,-61.49350,89.0,56.0,27142<br>
20160227144120,-35.76617,-61.47233,89.0,54.0,27837<br>
20160227144226,-35.76567,-61.45017,86.0,61.0,28542<br>
20160227144332,-35.76467,-61.42683,87.0,65.0,29195<br>
20160227144435,-35.76300,-61.40450,81.0,64.0,30182<br>
20160227144538,-35.75900,-61.38433,72.0,57.0,31058<br>
20160227144642,-35.75500,-61.36383,78.0,55.0,31632<br>
20160227144752,-35.75150,-61.34117,83.0,58.0,32298<br>
20160227144855,-35.74950,-61.32017,83.0,64.0,32924<br>
20160227145001,-35.74800,-61.29817,86.0,61.0,33672<br>
20160227145104,-35.74867,-61.27700,91.0,60.0,34420<br>
20160227145213,-35.75000,-61.25300,96.0,63.0,35184<br>
20160227145321,-35.75283,-61.22850,101.0,64.0,35932<br>
20160227145428,-35.75767,-61.20367,105.0,70.0,36778<br>
20160227145530,-35.76450,-61.17900,110.0,74.0,37546<br>
20160227145638,-35.77250,-61.15217,105.0,72.0,38287<br>
20160227145800,-35.78083,-61.12033,103.0,71.0,39251<br>
20160227145911,-35.78800,-61.09233,104.0,76.0,40324<br>
20160227150037,-35.79117,-61.05567,92.0,74.0,41367<br>
20160227150143,-35.79167,-61.03167,94.0,62.0,42095<br>
20160227150248,-35.79433,-61.00917,101.0,64.0,42928<br>
20160227150356,-35.79983,-60.98617,108.0,62.0,44020<br>
20160227150509,-35.80467,-60.96033,98.0,69.0,44929<br>
20160227150614,-35.80750,-60.93533,92.0,69.0,45690<br>
20160227150719,-35.80817,-60.90967,90.0,72.0,46444<br>
20160227150824,-35.80833,-60.88667,94.0,56.0,47238<br>
20160227150924,-35.80833,-60.88667,94.0,56.0,47238<br>
20160227150931,-35.81133,-60.86650,113.0,56.0,48127<br>
20160227151035,-35.81767,-60.84700,116.0,63.0,49203<br>
20160227151138,-35.82450,-60.82683,112.0,60.0,50075<br>
20160227151248,-35.83017,-60.80150,97.0,65.0,50912<br>
20160227151351,-35.83167,-60.77800,92.0,65.0,51620<br>
20160227151458,-35.83150,-60.75433,87.0,52.0,52375<br>
20160227151528,-35.83083,-60.74533,79.0,49.0,52703<br>
20160227151558,-35.82967,-60.73700,74.0,45.0,53047<br>
20160227151606,-35.82933,-60.73500,79.0,45.0,53139<br>
20160227151711,-35.82750,-60.71633,82.0,52.0,53962<br>
20160227151823,-35.82500,-60.69483,86.0,52.0,54805<br>
20160227151935,-35.82450,-60.67500,82.0,50.0,55615<br>
20160227152043,-35.82067,-60.65883,77.0,38.0,56412<br>
20160227152149,-35.81933,-60.64800,100.0,20.0,57170<br>
20160227152321,-35.82033,-60.63850,120.0,18.0,58256<br>
20160227152453,-35.82667,-60.63233,145.0,21.0,59594<br>
20160227152611,-35.83450,-60.62417,129.0,26.0,60565<br>
20160227152743,-35.84083,-60.61233,121.0,15.0,61680<br>
20160227152853,-35.84483,-60.60750,153.0,23.0,62552<br>
20160227152957,-35.85167,-60.60350,161.0,32.0,63317<br>
20160227153114,-35.86083,-60.59800,130.0,23.0,64274<br>
20160227153221,-35.86450,-60.59300,117.0,20.0,65121<br>
20160227153351,-35.86767,-60.58500,122.0,11.0,66292<br>
20160227153458,-35.86933,-60.58117,118.0,9.0,67144<br>
20160227153601,-35.87050,-60.57667,118.0,14.0,67905<br>
20160227153715,-35.87283,-60.57367,176.0,14.0,68837<br>
20160227153818,-35.87750,-60.57250,137.0,16.0,69647<br>
20160227153923,-35.87933,-60.56867,135.0,9.0,70477<br>
20160227154053,-35.88150,-60.56850,197.0,6.0,71661<br>
20160227154225,-35.88217,-60.56700,317.0,6.0,72904<br>
20160227154329,-35.88167,-60.56800,253.0,10.0,73701<br>
20160227154441,-35.88533,-60.57117,204.0,18.0,74538<br>
20160227154447,-35.88567,-60.57133,219.0,17.0,74603<br>
20160227154455,-35.88633,-60.57167,203.0,19.0,74698<br>
20160227154631,-35.89417,-60.57633,203.0,24.0,75882<br>
20160227154653,-35.89633,-60.57717,201.0,21.0,76168<br>
20160227154715,-35.89833,-60.57733,179.0,21.0,76460<br>
20160227154737,-35.90033,-60.57683,163.0,23.0,76745<br>
20160227154759,-35.90283,-60.57600,156.0,23.0,77020<br>
20160227154821,-35.90517,-60.57500,165.0,19.0,77309<br>
20160227154843,-35.90667,-60.57417,165.0,12.0,77585<br>
20160227154905,-35.90767,-60.57367,176.0,7.0,77870<br>
20160227154927,-35.90833,-60.57367,209.0,11.0,78162<br>
20160227154949,-35.90933,-60.57383,185.0,12.0,78464<br>
20160227155011,-35.91067,-60.57383,189.0,13.0,78769<br>
20160227155033,-35.91167,-60.57383,169.0,7.0,79070<br>
20160227155055,-35.91267,-60.57367,175.0,12.0,79359<br>
20160227155117,-35.91383,-60.57400,178.0,10.0,79661<br>
20160227155139,-35.91433,-60.57383,181.0,4.0,79966<br>
20160227155201,-35.91500,-60.57400,202.0,7.0,80258<br>
20160227155223,-35.91583,-60.57433,199.0,6.0,80546<br>
20160227155245,-35.91667,-60.57467,210.0,5.0,80825<br>
20160227155307,-35.91650,-60.57500,268.0,6.0,81107<br>
20160227155329,-35.91600,-60.57567,313.0,8.0,81386<br>
20160227155341,-35.91650,-60.57500,268.0,6.0,81107<br>
20160227155351,-35.91533,-60.57683,318.0,12.0,81668<br>
20160227155413,-35.91483,-60.57783,298.0,6.0,81931<br>
20160227155435,-35.91483,-60.57800,210.0,5.0,82196<br>
20160227155457,-35.91500,-60.57767,99.0,7.0,82462<br>
20160227155519,-35.91517,-60.57683,58.0,8.0,82715<br>
20160227155541,-35.91500,-60.57650,0.0,0.0,82954<br>
20160227155603,-35.91450,-60.57633,36.0,7.0,83226<br>
20160227155625,-35.91367,-60.57600,356.0,10.0,83489<br>
20160227155647,-35.91300,-60.57633,343.0,11.0,83777<br>
20160227155709,-35.91217,-60.57683,321.0,7.0,84059<br>
20160227155731,-35.91150,-60.57733,342.0,8.0,84341<br>
20160227155753,-35.91083,-60.57783,334.0,13.0,84633<br>
20160227155815,-35.91000,-60.57850,315.0,10.0,84912<br>
20160227155837,-35.90933,-60.57967,283.0,9.0,85191<br>
20160227155859,-35.90900,-60.58083,280.0,9.0,85457<br>
20160227155921,-35.90867,-60.58150,308.0,6.0,85742<br>
20160227155943,-35.90833,-60.58217,7.0,1.0,86024<br>
20160227160005,-35.90817,-60.58250,295.0,5.0,86306<br>
20160227160027,-35.90800,-60.58283,336.0,3.0,86578<br>
20160227160049,-35.90767,-60.58350,338.0,6.0,86857<br>
20160227160111,-35.90733,-60.58450,275.0,12.0,87133<br>
20160227160133,-35.90750,-60.58650,261.0,16.0,87431<br>
20160227160155,-35.90833,-60.58867,235.0,19.0,87717<br>
20160227160217,-35.90983,-60.59117,231.0,29.0,87992<br>
20160227160239,-35.91133,-60.59367,238.0,23.0,88245<br>
20160227160301,-35.91267,-60.59617,234.0,21.0,88491<br>
20160227160323,-35.91383,-60.59833,238.0,23.0,88730<br>
20160227160345,-35.91467,-60.60067,241.0,22.0,88973<br>
20160227160407,-35.91567,-60.60333,248.0,27.0,89232<br>
20160227160429,-35.91633,-60.60600,247.0,26.0,89494<br>
20160227160451,-35.91733,-60.60883,241.0,22.0,89763<br>
20160227160513,-35.91867,-60.61150,239.0,24.0,90039<br>
20160227160535,-35.91967,-60.61350,246.0,16.0,90331<br>
20160227160557,-35.92017,-60.61533,258.0,14.0,90632<br>
20160227160619,-35.92017,-60.61717,259.0,18.0,90928<br>
20160227160641,-35.92000,-60.61950,282.0,19.0,91229<br>
20160227160703,-35.92000,-60.62200,265.0,24.0,91528<br>
20160227160725,-35.92000,-60.62467,274.0,20.0,91817<br>
20160227160747,-35.91983,-60.62733,265.0,23.0,92092<br>
20160227160809,-35.92000,-60.63033,266.0,25.0,92354<br>
20160227160831,-35.92050,-60.63333,259.0,23.0,92617<br>
20160227160853,-35.92117,-60.63600,251.0,21.0,92863<br>
20160227160915,-35.92150,-60.63833,266.0,19.0,93099<br>
20160227160937,-35.92150,-60.64083,272.0,20.0,93338<br>
20160227160959,-35.92183,-60.64333,246.0,19.0,93575<br>
20160227161021,-35.92233,-60.64550,266.0,17.0,93834<br>
20160227161043,-35.92217,-60.64800,286.0,30.0,93972<br>
20160227161105,-35.92200,-60.65100,275.0,22.0,92417<br>
20160227161127,-35.92400,-60.65217,216.0,25.0,87894<br>
20160227161149,-35.92467,-60.65383,293.0,3.0,85683<br>
20160227161211,-35.92433,-60.65483,298.0,9.0,83633<br>
20160227161223,-35.92400,-60.65500,244.0,4.0,82541<br>
20160227161227,-35.92400,-60.65500,93.0,3.0,82262<br>
20160227161428,-35.92867,-60.65583,121.0,4.0,72655<br>
20160227161815,-35.94067,-60.64000,132.0,23.0,59066<br>
20160227161927,-35.94267,-60.63183,80.0,46.0,55638<br>
20160227162034,-35.94167,-60.61300,84.0,53.0,52575<br>
20160227162140,-35.94333,-60.58983,102.0,66.0,49803<br>
20160227162243,-35.94900,-60.56800,100.0,60.0,47271<br>
20160227162349,-35.95133,-60.54367,104.0,70.0,44811<br>
20160227162452,-35.95767,-60.52117,107.0,61.0,42535<br>
20160227162607,-35.96100,-60.49183,99.0,83.0,40094<br>
20160227162818,-35.97417,-60.43600,98.0,75.0,36116<br>
20160227162928,-35.97667,-60.40950,97.0,64.0,34295<br>
20160227163034,-35.97733,-60.38350,84.0,64.0,32468<br>
20160227163137,-35.97517,-60.36117,87.0,60.0,30848<br>
20160227163240,-35.97183,-60.33983,88.0,62.0,29172<br>
20160227163343,-35.97117,-60.31817,85.0,66.0,27571<br>
20160410135042,-33.35833,-56.51017,0.0,0.0,296<br>
20160410135211,-33.35833,-56.51017,0.0,0.0,296<br>
20160410135341,-33.35583,-56.51267,315.0,11.0,402<br>
20160410135511,-33.35250,-56.51733,318.0,16.0,898<br>
20160410135640,-33.34783,-56.52383,307.0,19.0,1219<br>
20160410135812,-33.34300,-56.53267,300.0,24.0,1574<br>
20160410140111,-33.33467,-56.55533,289.0,24.0,2185<br>
20160410140241,-33.33183,-56.56633,283.0,23.0,2385<br>
20160410140411,-33.33033,-56.57767,275.0,23.0,2636<br>
20160410140540,-33.33017,-56.58867,270.0,22.0,2884<br>
20160410140712,-33.33033,-56.59933,269.0,20.0,3180<br>
20160410140841,-33.33117,-56.60800,257.0,16.0,3552<br>
20160410141011,-33.33300,-56.61533,252.0,15.0,3824<br>
20160410141141,-33.33433,-56.62100,244.0,9.0,4251<br>
20160410141311,-33.33583,-56.62517,243.0,10.0,4656<br>
20160410141417,-33.33583,-56.62517,243.0,10.0,4656<br>
20160410141441,-33.33767,-56.62983,237.0,11.0,5094<br>
20160410141611,-33.33983,-56.63483,235.0,13.0,5555<br>
20160410141741,-33.34300,-56.64017,230.0,13.0,6011<br>
20160410141911,-33.34600,-56.64567,239.0,10.0,6322<br>
20160410142041,-33.34817,-56.64867,227.0,8.0,6697<br>
20160410142211,-33.35033,-56.65083,219.0,6.0,7083<br>
20160410142341,-33.35117,-56.65167,0.0,0.0,7416<br>
20160410142512,-33.35150,-56.65200,0.0,0.0,7700<br>
20160410142641,-33.35200,-56.65250,0.0,0.0,8085<br>
20160410142811,-33.35217,-56.65317,0.0,0.0,8472<br>
20160410142941,-33.35217,-56.65317,0.0,0.0,8753<br>
20160410143111,-33.35117,-56.65283,0.0,0.0,9196<br>
20160410143241,-33.35017,-56.65217,35.0,4.0,9581<br>
20160410143412,-33.34867,-56.65150,22.0,4.0,9934<br>
20160410143541,-33.34717,-56.65050,44.0,4.0,10305<br>
20160410143841,-33.34350,-56.64467,62.0,12.0,11126<br>
20160410144012,-33.34167,-56.63900,70.0,13.0,11646<br>
20160410144312,-33.34333,-56.62617,111.0,15.0,12389<br>
20160410144442,-33.34567,-56.61900,114.0,17.0,12697<br>
20160410144612,-33.34833,-56.60983,105.0,25.0,13156<br>
20160410144742,-33.35183,-56.59650,109.0,34.0,13784<br>
20160410144912,-33.35667,-56.58100,108.0,34.0,14176<br>
20160410145042,-33.36050,-56.56400,101.0,38.0,14727<br>
20160410145342,-33.36733,-56.52767,104.0,38.0,15831<br>
20160410145512,-33.37167,-56.50900,107.0,39.0,16195<br>
20160410145642,-33.37683,-56.48983,105.0,45.0,16604<br>
20160410145812,-33.38183,-56.46800,109.0,45.0,17067<br>
20160410145942,-33.38767,-56.44650,106.0,46.0,17486<br>
20160410150112,-33.39217,-56.42450,99.0,47.0,18073<br>
20160410150242,-33.39433,-56.39967,94.0,52.0,18622<br>
20160410150412,-33.39617,-56.37333,97.0,55.0,18983<br>
20160410150542,-33.39950,-56.34700,98.0,54.0,19347<br>
20160410150712,-33.40317,-56.32000,99.0,56.0,19784<br>
20160410150755,-33.40317,-56.32000,99.0,56.0,19784<br>
20160410150842,-33.40650,-56.29267,104.0,53.0,20364<br>
20160410151013,-33.41250,-56.26733,105.0,52.0,20887<br>
20160410151142,-33.41667,-56.24217,98.0,54.0,21559<br>
20160410151312,-33.42000,-56.21600,96.0,55.0,22027<br>
20160410151612,-33.42350,-56.16017,93.0,58.0,22907<br>
20160410151742,-33.42417,-56.13150,92.0,57.0,23365<br>
20160410151913,-33.42500,-56.10283,91.0,57.0,23906<br>
20160410152042,-33.42583,-56.07450,93.0,59.0,24403<br>
20160410152212,-33.42717,-56.04550,92.0,60.0,24860<br>
20160410152342,-33.42817,-56.01517,93.0,61.0,25300<br>
20160410152512,-33.42917,-55.98417,93.0,63.0,25784<br>
20160410152642,-33.43217,-55.95217,95.0,68.0,26463<br>
20160410152813,-33.43600,-55.91633,98.0,72.0,27050<br>
20160410152942,-33.44017,-55.88050,98.0,74.0,27553<br>
20160410153112,-33.44383,-55.84433,95.0,73.0,28052<br>
20160410153242,-33.44667,-55.80867,96.0,69.0,28533<br>
20160410153412,-33.44950,-55.77400,94.0,70.0,29052<br>
20160410153542,-33.45233,-55.74000,96.0,70.0,29639<br>
20160410153714,-33.45683,-55.70467,99.0,74.0,30306<br>
20160410153842,-33.46317,-55.66933,102.0,77.0,30965<br>
20160410154012,-33.47100,-55.63267,103.0,77.0,31758<br>
20160410154142,-33.47933,-55.59383,107.0,85.0,32482<br>
20160410154312,-33.48867,-55.55433,105.0,88.0,33284<br>
20160410154442,-33.49817,-55.51350,104.0,88.0,33856<br>
20160410154612,-33.50767,-55.47000,104.0,94.0,34494<br>
20160410154742,-33.52000,-55.42350,111.0,101.0,35509<br>
20160410154912,-33.53567,-55.37633,114.0,108.0,36523<br>
20160410155042,-33.55550,-55.32850,120.0,112.0,37260<br>
20160410155212,-33.57967,-55.28100,121.0,110.0,37893<br>
20160410155342,-33.60417,-55.23267,122.0,114.0,38618<br>
20160410155512,-33.63017,-55.18350,122.0,117.0,39265<br>
20160410155642,-33.65700,-55.13467,127.0,113.0,40236<br>
20160410155812,-33.68483,-55.08800,125.0,112.0,41180<br>
20160410155847,-33.68483,-55.08800,125.0,112.0,41180<br>
20160410155942,-33.71133,-55.04117,124.0,115.0,42276<br>
20160410160054,-33.71133,-55.04117,124.0,115.0,42276<br>
20160410160112,-33.73767,-54.99283,123.0,117.0,43301<br>
20160410160242,-33.76400,-54.94350,120.0,122.0,44186<br>
20160410160542,-33.82500,-54.83367,120.0,136.0,45761<br>
20160410160712,-33.85217,-54.77417,116.0,134.0,46393<br>
20160410160842,-33.87450,-54.71533,111.0,123.0,47045<br>
20160410161012,-33.89017,-54.65933,109.0,112.0,47585<br>
20160410161312,-33.91000,-54.55733,101.0,100.0,48825<br>
20160410161442,-33.91583,-54.50767,95.0,97.0,49325<br>
20160410161612,-33.91767,-54.46167,92.0,87.0,49933<br>
20160410161742,-33.91850,-54.41883,88.0,83.0,50471<br>
20160410161912,-33.91717,-54.38000,86.0,72.0,51055<br>
20160410162042,-33.91600,-54.34700,92.0,60.0,51639<br>
20160410162212,-33.91850,-54.31950,102.0,56.0,52215<br>
20160410162342,-33.92367,-54.29233,101.0,54.0,52820<br>
20160410162512,-33.92833,-54.26767,106.0,49.0,53526<br>
20160410162642,-33.93517,-54.24533,109.0,49.0,54159<br>
20160410162812,-33.94167,-54.22150,105.0,49.0,54612<br>
20160410162942,-33.94667,-54.19733,102.0,46.0,55269<br>
20160410163112,-33.95317,-54.17783,121.0,44.0,56080<br>
20160410163242,-33.96350,-54.16250,135.0,36.0,56858<br>
20160410163412,-33.97517,-54.14750,133.0,42.0,57432<br>
20160410163542,-33.98600,-54.13000,124.0,43.0,58072<br>
20160410163712,-33.99583,-54.11100,119.0,51.0,58740<br>
20160410164012,-34.00933,-54.06883,112.0,37.0,59913<br>
20160410164142,-34.01583,-54.05050,114.0,42.0,60519<br>
20160410164312,-34.01900,-54.03383,100.0,32.0,61198<br>
20160410164442,-34.02050,-54.01950,100.0,25.0,61775<br>
20160410164612,-34.02200,-54.00783,96.0,22.0,62380<br>
20160410164742,-34.02467,-53.99900,109.0,19.0,62932<br>
20160410164912,-34.02833,-53.99183,129.0,19.0,63480<br>
20160410165042,-34.03333,-53.98250,124.0,27.0,64075<br>
20160410165212,-34.03733,-53.97083,104.0,26.0,64635<br>
20160410165342,-34.03900,-53.95900,83.0,20.0,65230<br>
20160410165512,-34.03767,-53.95183,81.0,10.0,65840<br>
20160410165642,-34.04000,-53.94767,138.0,14.0,66414<br>
20160410165812,-34.04500,-53.94067,132.0,22.0,66957<br>
20160410165942,-34.04850,-53.93250,102.0,15.0,67478<br>
20160410170112,-34.05033,-53.92717,142.0,12.0,68040<br>
20160410170242,-34.05533,-53.92333,146.0,15.0,68480<br>
20160410170412,-34.05983,-53.91983,146.0,14.0,68927<br>
20160410170542,-34.06367,-53.91483,107.0,11.0,69432<br>
20160410170712,-34.06333,-53.91200,0.0,0.0,69870<br>
20160410170842,-34.06367,-53.91450,230.0,5.0,70459<br>
20160410171012,-34.06700,-53.91617,185.0,13.0,71037<br>
20160410171142,-34.07250,-53.91383,142.0,17.0,71503<br>
20160410171312,-34.07700,-53.90750,120.0,17.0,71950<br>
20160410171442,-34.07867,-53.89967,96.0,14.0,72401<br>
20160410171612,-34.07850,-53.89383,98.0,9.0,72841<br>
20160410171742,-34.07750,-53.88967,60.0,8.0,73322<br>
20160410171912,-34.07633,-53.88750,42.0,4.0,73852<br>
20160410172042,-34.07550,-53.88667,58.0,5.0,74306<br>
20160410172212,-34.07383,-53.88267,66.0,13.0,74670<br>
20160410172342,-34.07167,-53.87767,59.0,14.0,75145<br>
20160410172642,-34.06433,-53.87500,307.0,7.0,76141<br>
20160410172812,-34.06267,-53.87883,280.0,11.0,76665<br>
20160410172942,-34.06333,-53.88567,246.0,16.0,77094<br>
20160410173112,-34.06750,-53.89333,229.0,19.0,77538<br>
20160410173242,-34.07367,-53.89900,210.0,16.0,77923<br>
20160410173542,-34.08200,-53.90317,192.0,7.0,78611<br>
20160410173712,-34.08617,-53.90333,171.0,14.0,79075<br>
20160410173842,-34.09200,-53.90133,160.0,13.0,79525<br>
20160410174012,-34.09633,-53.89783,142.0,13.0,79867<br>
20160410174142,-34.10083,-53.89433,139.0,13.0,80112<br>
20160410174314,-34.10417,-53.88933,113.0,11.0,80466<br>
20160410174442,-34.10450,-53.88417,76.0,11.0,80855<br>
20160410174612,-34.10250,-53.87933,65.0,11.0,81145<br>
20160410174742,-34.10033,-53.87500,48.0,11.0,81419<br>
20160410174912,-34.09783,-53.87100,64.0,10.0,81678<br>
20160410175042,-34.09633,-53.86650,63.0,9.0,82002<br>
20160410175214,-34.09433,-53.86300,53.0,6.0,82352<br>
20160410175342,-34.09383,-53.86217,0.0,0.0,82541<br>
20160410175512,-34.09517,-53.86283,193.0,7.0,82923<br>
20160410175642,-34.09883,-53.86300,173.0,10.0,83249<br>
20160410175812,-34.10267,-53.86217,162.0,6.0,83476<br>
20160410175942,-34.10433,-53.86100,148.0,3.0,83676<br>
20160410180114,-34.10483,-53.86083,37.0,1.0,83894<br>
20160410180412,-34.10350,-53.85967,0.0,0.0,84275<br>
20160410180542,-34.10317,-53.85833,0.0,0.0,84594<br>
20160410180712,-34.10333,-53.85650,106.0,4.0,84892<br>
20160410180842,-34.10417,-53.85350,115.0,8.0,85101<br>
20160410181014,-34.10567,-53.84950,122.0,10.0,85277<br>
20160410181142,-34.10850,-53.84517,121.0,11.0,85456<br>
20160410181312,-34.11000,-53.84017,101.0,10.0,85629<br>
20160410181442,-34.11000,-53.83550,77.0,9.0,85814<br>
20160410181612,-34.10850,-53.83100,60.0,11.0,85996<br>
20160410181742,-34.10600,-53.82650,59.0,10.0,86184<br>
20160410181914,-34.10417,-53.82250,58.0,9.0,86369<br>
20160410182042,-34.10217,-53.81883,59.0,9.0,86504<br>
20160410182212,-34.10067,-53.81483,73.0,8.0,86669<br>
20160410182342,-34.10033,-53.81067,93.0,8.0,86811<br>
20160410182512,-34.10100,-53.80650,102.0,9.0,86857<br>
20160410182642,-34.10183,-53.80217,105.0,8.0,86891<br>
20160410182814,-34.10283,-53.79883,113.0,7.0,86977<br>
20160410182942,-34.10383,-53.79617,121.0,5.0,87053<br>
20160410183112,-34.10517,-53.79417,138.0,5.0,87094<br>
20160410183242,-34.10700,-53.79250,133.0,6.0,87179<br>
20160410183412,-34.10833,-53.79000,118.0,7.0,87294<br>
20160410183542,-34.10967,-53.78667,110.0,7.0,87396<br>
20160410183714,-34.11067,-53.78300,101.0,8.0,87397<br>
20160410183842,-34.11100,-53.77850,90.0,10.0,87476<br>
20160410184012,-34.11067,-53.77300,83.0,11.0,87507<br>
20160410184142,-34.10983,-53.76733,75.0,12.0,87561<br>
20160410184312,-34.10833,-53.76183,70.0,12.0,87688<br>
20160410184442,-34.10667,-53.75650,68.0,11.0,87752<br>
20160410184614,-34.10467,-53.75133,62.0,11.0,87818<br>
20160410184912,-34.10017,-53.74283,54.0,10.0,88023<br>
20160410185042,-34.09800,-53.73883,61.0,9.0,88094<br>
20160410185212,-34.09650,-53.73467,72.0,9.0,88207<br>
20160410185513,-34.09500,-53.72617,80.0,9.0,88336<br>
20160410185812,-34.09417,-53.71800,89.0,8.0,88512<br>
20160410185942,-34.09450,-53.71433,102.0,7.0,88613<br>
20160410190112,-34.09550,-53.71117,117.0,7.0,88711<br>
20160410190242,-34.09700,-53.70833,128.0,7.0,88742<br>
20160410190413,-34.09900,-53.70583,138.0,7.0,88757<br>
20160410190542,-34.10117,-53.70367,142.0,7.0,88808<br>
20160410190712,-34.10367,-53.70150,144.0,8.0,88849<br>
20160410190842,-34.10667,-53.69917,149.0,9.0,88829<br>
20160410191012,-34.11033,-53.69667,151.0,10.0,88836<br>
20160410191142,-34.11433,-53.69417,152.0,11.0,88774<br>
20160410191313,-34.11833,-53.69133,148.0,11.0,88750<br>
20160410191442,-34.12233,-53.68817,146.0,12.0,88747<br>
20160410191612,-34.12667,-53.68483,146.0,13.0,88784<br>
20160410191742,-34.13100,-53.68133,147.0,13.0,88807<br>
20160410191912,-34.13550,-53.67800,149.0,13.0,88776<br>
20160410192042,-34.14000,-53.67483,148.0,12.0,88775<br>
20160410192213,-34.14417,-53.67167,148.0,12.0,88760<br>
20160410192342,-34.14850,-53.66833,148.0,12.0,88717<br>
20160410192512,-34.15283,-53.66517,148.0,12.0,88699<br>
20160410192642,-34.15700,-53.66217,151.0,11.0,88677<br>
20160410192812,-34.16100,-53.65950,151.0,11.0,88668<br>
20160410192942,-34.16517,-53.65683,151.0,11.0,88669<br>
20160410193113,-34.16933,-53.65400,150.0,11.0,88654<br>
20160410193242,-34.17350,-53.65117,148.0,12.0,88626<br>
20160410193412,-34.17733,-53.64800,146.0,11.0,88550<br>
20160410193542,-34.18117,-53.64483,145.0,11.0,88570<br>
20160410193712,-34.18483,-53.64167,142.0,10.0,88584<br>
20160410193842,-34.18800,-53.63867,139.0,9.0,88577<br>
20160410194013,-34.19050,-53.63583,134.0,7.0,88482<br>
20160410194142,-34.19233,-53.63317,126.0,7.0,88398<br>
20160410194312,-34.19367,-53.63033,112.0,7.0,88354<br>
20160410194442,-34.19467,-53.62717,105.0,7.0,88311<br>
20160410194612,-34.19533,-53.62400,103.0,6.0,88246<br>
20160410194742,-34.19583,-53.62083,102.0,7.0,88178<br>
20160410194914,-34.19650,-53.61733,100.0,7.0,88107<br>
20160410195042,-34.19667,-53.61367,87.0,8.0,88056<br>
20160410195212,-34.19600,-53.60950,74.0,9.0,88114<br>
20160410195342,-34.19467,-53.60483,66.0,10.0,88077<br>
20160410195512,-34.19283,-53.60033,63.0,10.0,88002<br>
20160410195642,-34.19117,-53.59617,67.0,9.0,88016<br>
20160410195814,-34.18983,-53.59183,66.0,9.0,87936<br>
20160410200112,-34.18667,-53.58333,64.0,10.0,87795<br>
20160410200242,-34.18467,-53.57883,61.0,10.0,87842<br>
20160410200412,-34.18250,-53.57450,59.0,11.0,87836<br>
20160410200542,-34.18017,-53.57000,56.0,11.0,87828<br>
20160410200714,-34.17750,-53.56533,55.0,11.0,87805<br>
20160410200842,-34.17483,-53.56067,55.0,11.0,87805<br>
20160410201012,-34.17217,-53.55600,57.0,11.0,87734<br>
20160410201142,-34.16967,-53.55117,58.0,12.0,87653<br>
20160410201312,-34.16700,-53.54600,59.0,12.0,87680<br>
20160410201442,-34.16450,-53.54100,60.0,11.0,87752<br>
20160410201612,-34.16233,-53.53617,62.0,11.0,87708<br>
20160410201742,-34.16033,-53.53133,64.0,11.0,87669<br>
20160410201912,-34.15833,-53.52667,61.0,10.0,87725<br>
20160410202042,-34.15600,-53.52233,55.0,10.0,87711<br>
20160410202212,-34.15350,-53.51800,54.0,10.0,87667<br>
20160410202342,-34.15100,-53.51383,56.0,10.0,87722<br>
20160410202512,-34.14850,-53.50933,58.0,11.0,87730<br>
20160410202642,-34.14600,-53.50467,57.0,11.0,87652<br>
20160410202812,-34.14350,-53.50000,56.0,11.0,87660<br>
20160410202942,-34.14100,-53.49567,53.0,11.0,87687<br>
20160410203112,-34.13833,-53.49167,54.0,10.0,87660<br>
20160410203242,-34.13583,-53.48750,54.0,10.0,87637<br>
20160410203412,-34.13333,-53.48333,54.0,10.0,87654<br>
20160410203542,-34.13100,-53.47917,56.0,10.0,87619<br>
20160410203712,-34.12900,-53.47550,58.0,8.0,87513<br>
20160410203842,-34.12733,-53.47217,58.0,7.0,87471<br>
20160410204012,-34.12617,-53.46983,68.0,4.0,87504<br>
20160410204142,-34.12567,-53.46817,69.0,4.0,87448<br>
20160410204312,-34.12483,-53.46600,59.0,6.0,87343<br>
20160410204442,-34.12317,-53.46367,47.0,7.0,87225<br>
20160410204612,-34.12117,-53.46100,47.0,8.0,87137<br>
20160410204742,-34.11883,-53.45783,52.0,9.0,87004<br>
20160410204912,-34.11633,-53.45383,52.0,11.0,86882<br>
20160410205042,-34.11350,-53.44950,51.0,11.0,86796<br>
20160410205212,-34.11067,-53.44550,46.0,10.0,86706<br>
20160410205342,-34.10750,-53.44217,41.0,10.0,86613<br>
20160410205512,-34.10450,-53.43917,36.0,9.0,86555<br>
20160410205642,-34.10167,-53.43683,36.0,8.0,86543<br>
20160410205812,-34.09917,-53.43467,30.0,8.0,86489<br>
20160410205941,-34.09600,-53.43300,24.0,9.0,86437<br>
20160410210112,-34.09233,-53.43100,23.0,10.0,86345<br>
20160410210241,-34.08817,-53.42900,22.0,12.0,86176<br>
20160410210411,-34.08333,-53.42667,22.0,13.0,86067<br>
20160410210541,-34.07867,-53.42433,25.0,11.0,85938<br>
20160410210711,-34.07483,-53.42183,32.0,10.0,85745<br>
20160410210841,-34.07183,-53.41900,47.0,9.0,85598<br>
20160410211012,-34.06933,-53.41467,66.0,10.0,85401<br>
20160410211141,-34.06833,-53.41017,77.0,9.0,85154<br>
20160410211311,-34.06717,-53.40633,59.0,9.0,84899<br>
20160410211441,-34.06550,-53.40283,57.0,8.0,84637<br>
20160410211611,-34.06417,-53.40000,59.0,6.0,84370<br>
20160410211741,-34.06300,-53.39817,67.0,4.0,84069<br>
20160410211912,-34.06300,-53.39650,102.0,4.0,83762<br>
20160410212041,-34.06317,-53.39433,122.0,5.0,83490<br>
20160410212211,-34.06467,-53.39133,110.0,8.0,83250<br>
20160410212341,-34.06617,-53.38867,148.0,6.0,82940<br>
20160410212511,-34.06767,-53.38867,0.0,0.0,82615<br>
20160410212641,-34.06750,-53.38983,305.0,5.0,82217<br>
20160410212812,-34.06633,-53.39317,306.0,9.0,81867<br>
20160410212941,-34.06383,-53.39633,332.0,7.0,81447<br>
20160410213411,-34.05550,-53.38950,65.0,11.0,80067<br>
20160410213540,-34.05367,-53.38333,77.0,15.0,79643<br>
20160410213712,-34.05250,-53.37550,88.0,17.0,79192<br>
20160410213841,-34.05233,-53.36733,94.0,18.0,78785<br>
20160410214011,-34.05417,-53.35917,117.0,16.0,78387<br>
20160410214141,-34.05667,-53.35333,122.0,10.0,77963<br>
20160410215811,-34.08367,-53.37600,278.0,6.0,73815<br>
20160410215941,-34.08317,-53.37800,0.0,0.0,73476<br>
20160410220111,-34.08117,-53.37800,356.0,7.0,73070<br>
20160410220240,-34.07800,-53.37800,8.0,10.0,72742<br>
20160410220411,-34.07450,-53.37600,40.0,10.0,72379<br>
20160410220541,-34.07100,-53.37133,62.0,17.0,72000<br>
20160410220711,-34.06900,-53.36250,86.0,20.0,71624<br>
20160410220841,-34.06950,-53.35233,100.0,22.0,71218<br>
20160410221011,-34.07300,-53.34100,117.0,25.0,70824<br>
20160410221140,-34.07867,-53.33183,137.0,22.0,70485<br>
20160410221310,-34.08600,-53.32600,151.0,18.0,70223<br>
20160410221440,-34.09183,-53.32283,148.0,12.0,69929<br>
20160410221610,-34.09417,-53.31933,105.0,10.0,69573<br>
20160410221740,-34.09433,-53.31317,89.0,15.0,69173<br>
20160410221910,-34.09500,-53.30400,104.0,20.0,68850<br>
20160410222210,-34.10033,-53.28633,115.0,19.0,68103<br>
20160410222640,-34.10933,-53.26717,103.0,17.0,67240<br>
20161112142104,-35.82150,-61.90567,78.0,19.0,7406<br>
20161112142209,-35.82117,-61.89833,89.0,26.0,8603<br>
20161112142412,-35.82667,-61.88000,108.0,38.0,10863<br>
20161112142516,-35.82767,-61.86917,99.0,28.0,12024<br>
20161112142619,-35.82717,-61.85700,74.0,31.0,13198<br>
20161112142723,-35.82550,-61.84467,87.0,32.0,14454<br>
20161112142930,-35.82233,-61.82000,85.0,30.0,16974<br>
20161112143038,-35.82150,-61.80567,97.0,40.0,18368<br>
20161112143144,-35.82133,-61.79083,85.0,46.0,19725<br>
20161112143249,-35.81983,-61.77533,90.0,45.0,21034<br>
20161112143624,-35.81450,-61.73850,95.0,30.0,25934<br>
20161112143729,-35.81567,-61.72850,97.0,30.0,27420<br>
20161112143819,-35.81450,-61.73850,95.0,30.0,25934<br>
20161112143831,-35.81667,-61.71750,96.0,35.0,28913<br>
20161112143934,-35.81617,-61.70633,95.0,38.0,30382<br>
20161112143940,-35.81667,-61.71750,96.0,35.0,28913<br>
20161112144043,-35.81233,-61.68900,69.0,57.0,32032<br>
20161112144203,-35.80767,-61.66650,80.0,45.0,33797<br>
20161112144252,-35.81233,-61.68900,69.0,57.0,32032<br>
20161112144255,-35.80767,-61.66650,80.0,45.0,33797<br>
20161112144308,-35.80517,-61.64783,86.0,62.0,35302<br>
20161112144419,-35.80317,-61.62517,82.0,65.0,36893<br>
20161112144528,-35.80050,-61.60400,78.0,45.0,38599<br>
20161112144639,-35.80183,-61.58200,104.0,62.0,40022<br>
20161112144743,-35.80367,-61.55900,85.0,69.0,41583<br>
20161112144845,-35.80350,-61.54233,94.0,48.0,43040<br>
20161112144932,-35.80367,-61.55900,85.0,69.0,41583<br>
20161112144953,-35.80517,-61.52217,88.0,55.0,44568<br>
20161112145056,-35.80583,-61.50067,84.0,69.0,45939<br>
20161112145159,-35.80550,-61.47967,82.0,58.0,47474<br>
20161112145305,-35.80500,-61.45783,89.0,61.0,49088<br>
20161112145410,-35.80583,-61.43567,93.0,56.0,50308<br>
20161112145431,-35.80550,-61.47967,82.0,58.0,47474<br>
20161112145433,-35.80500,-61.45783,89.0,61.0,49088<br>
20161112145512,-35.80633,-61.41617,102.0,53.0,51391<br>
20161112145615,-35.80833,-61.39383,90.0,61.0,52981<br>
20161112145725,-35.80700,-61.36767,86.0,56.0,54835<br>
20161112145828,-35.80367,-61.34783,70.0,63.0,56494<br>
20161112145943,-35.79833,-61.32833,62.0,46.0,58318<br>
20161112150046,-35.79367,-61.31383,62.0,33.0,59827<br>
20161112150218,-35.78883,-61.29783,75.0,30.0,61765<br>
20161112150443,-35.78167,-61.27983,86.0,22.0,64694<br>
20161112150502,-35.78083,-61.27717,61.0,32.0,64143<br>
20161112150524,-35.77933,-61.27367,70.0,31.0,62192<br>
20161112150531,-35.77900,-61.27267,66.0,28.0,61513<br>
20161112150546,-35.77800,-61.26983,65.0,43.0,60040<br>
20161112150552,-35.77750,-61.26850,63.0,41.0,59512<br>
20161112150655,-35.77283,-61.25150,81.0,58.0,55802<br>
20161112150758,-35.77117,-61.22967,102.0,67.0,52555<br>
20161112150911,-35.77217,-61.20533,91.0,62.0,49068<br>
20161112151030,-35.77100,-61.17917,86.0,62.0,45572<br>
20161112151124,-35.77217,-61.16167,95.0,49.0,43325<br>
20161112151145,-35.77217,-61.15600,93.0,47.0,42485<br>
20161112151220,-35.77167,-61.14517,94.0,65.0,41144<br>
20161112151313,-35.77283,-61.12733,94.0,59.0,39248<br>
20161112151421,-35.77167,-61.10667,87.0,61.0,36824<br>
20161112151528,-35.77017,-61.08600,79.0,47.0,34502<br>
20161112151633,-35.76717,-61.06917,70.0,49.0,32317<br>
20161112151739,-35.76467,-61.05450,82.0,36.0,30221<br>
20161112151811,-35.76417,-61.04850,85.0,33.0,29260<br>
20161112151827,-35.76450,-61.04550,95.0,32.0,28759<br>
20161112151858,-35.76500,-61.03983,101.0,36.0,27863<br>
20161112152008,-35.76500,-61.03983,101.0,36.0,27863<br>
20161112152008,-35.76467,-61.05450,82.0,36.0,30221<br>
20161112152008,-35.76450,-61.04550,95.0,32.0,28759<br>
20161112152021,-35.76683,-61.02633,106.0,33.0,25472<br>
20161112152120,-35.76733,-61.01700,80.0,29.0,23858<br>
20161112152203,-35.76583,-61.00983,67.0,30.0,22582<br>
20161112152310,-35.76250,-60.99650,72.0,41.0,20654<br>
20161112152413,-35.75967,-60.98200,77.0,39.0,18869<br>
20161112152454,-35.75917,-60.97250,89.0,43.0,17830<br>
20161112152558,-35.75800,-60.95783,85.0,39.0,16209<br>
20161112152631,-35.75733,-60.95117,83.0,36.0,15445<br>
20161112152641,-35.75717,-60.94900,80.0,31.0,15137<br>
20161112152647,-35.75683,-60.94783,80.0,32.0,14960<br>
20161112152652,-35.75683,-60.94717,79.0,34.0,14845<br>
20161112152703,-35.75650,-60.94500,85.0,37.0,14559<br>
20161112152805,-35.75467,-60.93217,88.0,28.0,13326<br>
20170520131402,-33.56917,-56.87750,269.0,1.0,457<br>
20170520131501,-33.56917,-56.87767,0.0,0.0,472<br>
20170520131601,-33.57017,-56.87633,112.0,11.0,724<br>
20170520131701,-33.57400,-56.87250,152.0,21.0,1426<br>
20170520131801,-33.57750,-56.86733,122.0,16.0,2228<br>
20170520131901,-33.58167,-56.86217,145.0,20.0,3081<br>
20170520132001,-33.58583,-56.85633,142.0,26.0,3742<br>
20170520132101,-33.59083,-56.85050,131.0,31.0,4428<br>
20170520132400,-33.61833,-56.81900,143.0,67.0,6575<br>
20170520132459,-33.63333,-56.80833,153.0,69.0,7593<br>
20170520132559,-33.64917,-56.79967,159.0,63.0,8370<br>
20170520132659,-33.66633,-56.79517,171.0,59.0,9299<br>
20170520132759,-33.68283,-56.79267,168.0,53.0,10029<br>
20170520132859,-33.69817,-56.78950,171.0,57.0,10778<br>
20170520132959,-33.71267,-56.78583,169.0,54.0,11584<br>
20170520133058,-33.72750,-56.78333,171.0,61.0,12365<br>
20170520133158,-33.74233,-56.78117,165.0,50.0,13167<br>
20170520133258,-33.75617,-56.77850,165.0,55.0,14009<br>
20170520133558,-33.80083,-56.75650,159.0,72.0,16533<br>
20170520133658,-33.81783,-56.74750,164.0,62.0,17526<br>
20170520133758,-33.83450,-56.73967,160.0,66.0,18549<br>
20170520133858,-33.85167,-56.73183,162.0,73.0,19325<br>
20170520133958,-33.86967,-56.72483,161.0,74.0,20057<br>
20170520134057,-33.88817,-56.71900,166.0,77.0,20724<br>
20170520134158,-33.90767,-56.71317,166.0,76.0,21376<br>
20170520134258,-33.92800,-56.70750,171.0,75.0,22025<br>
20170520134358,-33.94833,-56.70133,167.0,71.0,22827<br>
20170520134656,-34.00517,-56.67717,158.0,77.0,25092<br>
20170520134756,-34.02383,-56.66683,155.0,73.0,25908<br>
20170520134856,-34.04133,-56.65617,154.0,64.0,26596<br>
20170520134956,-34.05833,-56.64583,155.0,63.0,27277<br>
20170520135056,-34.07450,-56.63433,150.0,71.0,28028<br>
20170520135157,-34.09050,-56.62150,146.0,72.0,28772<br>
20170520135256,-34.10600,-56.60883,145.0,67.0,29546<br>
20170520135356,-34.12250,-56.59700,150.0,72.0,30336<br>
20170520135455,-34.13750,-56.58483,148.0,66.0,31054<br>
20170520135555,-34.15300,-56.57300,144.0,57.0,31765<br>
20170520135855,-34.20133,-56.52950,141.0,74.0,34040<br>
20170520135955,-34.21400,-56.51517,137.0,64.0,34743<br>
20170520140055,-34.22750,-56.49967,131.0,66.0,35419<br>
20170520140155,-34.24017,-56.48467,138.0,70.0,36066<br>
20170520140255,-34.25300,-56.46933,137.0,69.0,36737<br>
20170520140355,-34.26517,-56.45267,129.0,55.0,37390<br>
20170520140454,-34.27533,-56.43800,134.0,58.0,38020<br>
20170520140554,-34.28567,-56.42500,133.0,51.0,38765<br>
20170520140654,-34.29633,-56.41167,132.0,59.0,39511<br>
20170520140754,-34.30667,-56.39867,133.0,47.0,40238<br>
20170520141054,-34.33400,-56.36133,148.0,44.0,42467<br>
20170520141154,-34.34350,-56.35167,137.0,40.0,43210<br>
20170520141255,-34.35217,-56.34050,133.0,47.0,43973<br>
20170520141353,-34.35933,-56.32850,112.0,42.0,44757<br>
20170520141453,-34.36500,-56.31450,106.0,50.0,45559<br>
20170520141553,-34.36950,-56.29967,117.0,48.0,46361<br>
20170520141653,-34.37383,-56.28400,109.0,53.0,47208<br>
20170520141753,-34.37783,-56.26833,106.0,52.0,48068<br>
20170520141853,-34.38100,-56.25183,104.0,54.0,48918<br>
20170520142153,-34.38833,-56.21467,125.0,36.0,51056<br>
20170520142252,-34.39450,-56.20500,126.0,47.0,51833<br>
20170520142352,-34.40183,-56.19383,131.0,43.0,52645<br>
20170520142452,-34.40783,-56.18250,119.0,37.0,53391<br>
20170520142552,-34.41450,-56.16917,124.0,56.0,54100<br>
20170520142652,-34.42133,-56.15350,118.0,52.0,54907<br>
20170520142752,-34.42467,-56.13800,99.0,37.0,55787<br>
20170520142852,-34.42517,-56.12450,92.0,33.0,56693<br>
20170520142904,-34.42467,-56.13800,99.0,37.0,55787<br>
20170520142904,-34.42133,-56.15350,118.0,52.0,54907<br>
20170520142904,-34.41450,-56.16917,124.0,56.0,54100<br>
20170520142953,-34.42483,-56.11600,126.0,16.0,57470<br>
20170520143052,-34.42700,-56.11200,119.0,21.0,58241<br>
20170520143351,-34.44733,-56.09833,140.0,37.0,60769<br>
20170520143451,-34.45217,-56.09117,118.0,20.0,61642<br>
20170520143552,-34.45450,-56.08583,120.0,23.0,62427<br>
20170520143651,-34.45533,-56.08067,131.0,13.0,63251<br>
20170520143751,-34.45583,-56.07683,143.0,18.0,64120<br>
20170520143851,-34.45700,-56.07500,60.0,8.0,65057<br>
20170520143951,-34.45767,-56.07250,98.0,27.0,65990<br>
20170520144050,-34.45833,-56.06667,89.0,16.0,66825<br>
20170520144150,-34.45967,-56.06200,75.0,19.0,67672<br>
20170520144251,-34.45867,-56.05683,41.0,9.0,68576<br>
20170520144550,-34.46017,-56.04433,98.0,22.0,71503<br>
20170520144650,-34.45867,-56.03733,65.0,16.0,72504<br>
20170520144750,-34.45667,-56.03100,44.0,21.0,73575<br>
20170520144849,-34.45517,-56.02717,104.0,24.0,74653<br>
20170520144950,-34.45450,-56.02167,46.0,8.0,75686<br>
20170520145049,-34.45433,-56.01600,50.0,29.0,76649<br>
20170520145149,-34.45267,-56.01150,67.0,23.0,77598<br>
20170520145249,-34.45483,-56.00417,98.0,35.0,78475<br>
20170520145349,-34.45633,-55.99633,94.0,13.0,79386<br>
20170520145649,-34.45783,-55.97300,65.0,32.0,82522<br>
20170520145748,-34.45833,-55.96583,102.0,23.0,83521<br>
20170520145848,-34.45817,-55.95783,86.0,24.0,83460<br>
20170520145948,-34.45933,-55.94967,115.0,19.0,77314<br>
20170520150049,-34.45833,-55.94433,71.0,21.0,71469<br>
20170520150049,61.97343,-99.95020,184.0,2.9,71469<br>
20170520150148,-34.45817,-55.93917,86.0,20.0,66482<br>
20170520150149,61.97343,-99.95022,184.0,2.9,66482<br>
20170520150248,-34.45850,-55.93467,131.0,8.0,64795<br>
20170520150248,-34.45850,-55.93467,131.0,8.0,64795<br>
20170520150249,61.97343,-99.95023,280.0,3.2,64795<br>
20170520150348,-34.45933,-55.93250,89.0,14.0,63121<br>
20170520150349,61.97343,-99.99366,280.0,2.9,63121<br>
20170520150448,-34.46150,-55.92567,122.0,31.0,61581<br>
20170520150449,61.97343,-99.99368,280.0,3.2,61581<br>
20170520150547,-34.46917,-55.91783,144.0,34.0,60139<br>
20170520150548,61.97343,-99.99371,280.0,3.2,60139<br>
20170520150847,-34.48100,-55.89250,122.0,48.0,55009<br>
20170520150848,61.97343,-100.08064,280.0,3.2,55009<br>
20170520150948,-34.48900,-55.88167,136.0,38.0,53421<br>
20170520150948,61.97343,-100.12410,280.0,3.2,53421<br>
20170520151047,-34.49667,-55.87383,142.0,33.0,51859<br>
20170520151048,61.97343,-100.12412,280.0,3.2,51859<br>
20170520151147,-34.50267,-55.86767,127.0,23.0,50343<br>
20170520151148,61.97343,-100.12414,280.0,3.2,50343<br>
20170520151247,-34.50583,-55.86150,110.0,26.0,48758<br>
20170520151248,61.97343,-100.16759,280.0,3.2,48758<br>
20170520151346,-34.50883,-55.85050,109.0,43.0,47242<br>
20170520151347,61.97343,-100.16762,280.0,3.2,47242<br>
20170520151446,-34.51350,-55.83750,123.0,44.0,45677<br>
20170520151447,61.97343,-100.21109,280.0,3.2,45677<br>
20170520151546,-34.51967,-55.82450,123.0,46.0,44254<br>
20170520151547,61.97343,-103.77630,280.0,3.2,44254<br>
20170520151646,-34.52750,-55.81183,130.0,52.0,43023<br>
20170520151647,61.97343,-103.81976,280.0,3.2,43023<br>
20170520151746,-34.53733,-55.79900,127.0,53.0,41771<br>
20170520151747,61.97343,-103.86323,280.0,3.2,41771<br>
20170520152046,-34.56667,-55.75317,130.0,64.0,38013<br>
20170520152145,-34.57867,-55.73633,132.0,66.0,36826<br>
20170520152245,-34.59183,-55.72167,141.0,65.0,35465<br>
20170520152345,-34.60750,-55.70767,143.0,74.0,34102<br>
20170520152445,-34.62533,-55.69350,149.0,78.0,32867<br>
20170520152545,-34.64250,-55.68267,157.0,70.0,31752<br>
20170520152645,-34.65983,-55.67300,155.0,71.0,30628<br>
20170520152745,-34.67783,-55.66367,159.0,68.0,29612<br>
20170520152845,-34.69433,-55.65533,158.0,64.0,28635<br>
20170520153144,-34.74250,-55.64500,177.0,59.0,25007<br>
20170520153244,-34.75950,-55.64450,181.0,62.0,23931<br>
20170520153344,-34.77767,-55.64567,185.0,65.0,22933<br>
20170520153444,-34.79600,-55.64900,190.0,66.0,22042<br>
20170520153544,-34.81483,-55.65333,191.0,69.0,21276<br>
20170520153644,-34.83350,-55.65817,192.0,69.0,20470<br>
20170520153744,-34.85183,-55.66333,194.0,67.0,19635<br>
20170520153843,-34.86950,-55.66900,196.0,67.0,18726<br>
20170520153943,-34.88683,-55.67467,192.0,58.0,17625<br>
20170520154043,-34.90183,-55.67900,192.0,52.0,16231<br>
20170520154343,-34.94433,-55.67417,161.0,51.0,12835<br>
20170520154443,-34.95883,-55.66883,164.0,59.0,11900<br>
20170520154543,-34.97383,-55.66333,163.0,57.0,10954<br>
20170520154642,-34.98867,-55.65917,170.0,51.0,9899<br>
20170520154742,-35.00300,-55.65333,151.0,55.0,9057<br>
20170520154842,-35.01500,-55.64450,148.0,44.0,7908<br>
20170520154942,-35.02450,-55.63700,150.0,38.0,6866<br>
20170520155042,-35.03417,-55.63317,171.0,37.0,5862<br>
20170520155142,-35.04400,-55.63233,176.0,34.0,4907<br>
20170520155242,-35.05367,-55.63100,168.0,36.0,3907<br>
20170520155541,-35.07317,-55.62450,147.0,23.0,1130<br>
20170520155642,-35.07867,-55.62000,135.0,28.0,215<br>
20170909143438,-36.05250,-64.96300,62.0,50,11214<br>
20170909144038,-36.17183,-64.87133,99.1,52,23330<br>
20170909144138,-36.18717,-64.86000,99.1,48,24518<br>
20170909144238,-36.20450,-64.84750,93.5,51,25885<br>
20170909144338,-36.21900,-64.83550,108.3,50,26984<br>
20170909144438,-36.23400,-64.82333,121.3,55,28145<br>
20170909144538,-36.21900,-64.81117,126.9,49,29260<br>
20170909144638,-36.27450,-64.79450,139.8,51,30720<br>
20170909144738,-36.29583,-64.78083,147.2,54,31776<br>
20170909144838,-36.31933,-64.76833,153.0,82.0,33157<br>
20170909145131,-36.39700,-64.72150,154.0,84.0,37437<br>
20170909145240,-36.42283,-64.70517,145.0,84.0,38733<br>
20170909145350,-36.44183,-64.68533,142.0,73.0,40019<br>
20170909145457,-36.46133,-64.66717,140.0,72.0,41026<br>
20170909145630,-36.48267,-64.64167,140.0,74.0,42485<br>
20170909145733,-36.49983,-64.62467,144.0,75.0,43394<br>
20170909145836,-36.51633,-64.60417,130.0,81.0,44283<br>
20170909145939,-36.53283,-64.58267,133.0,85.0,45116<br>
20170909150046,-36.54817,-64.56083,130.0,77.0,46015<br>
20170909150201,-36.56467,-64.53700,140.0,71.0,47225<br>
20170909150330,-36.58250,-64.51133,126.0,64.0,48750<br>
20170909150338,-36.58383,-64.50917,129.0,60.0,48891<br>
20170909150356,-36.58717,-64.50417,127.0,64.0,49203<br>
20170909150552,-36.60750,-64.47800,131.0,53.0,50997<br>
20170909150655,-36.61800,-64.46083,123.0,64.0,51984<br>
20170909150758,-36.62533,-64.44383,113.0,54.0,53113<br>
20170909151010,-36.63783,-64.41867,129.0,42.0,55353<br>
20170909151120,-36.64483,-64.40617,129.0,45.0,56255<br>
20170909151225,-36.65217,-64.39333,123.0,44.0,57127<br>
20170909151345,-36.66033,-64.37667,113.0,44.0,58354<br>
20170909151502,-36.66667,-64.35950,116.0,40.0,59643<br>
20170909151755,-36.68300,-64.31983,116.0,52.0,62339<br>
20170909151910,-36.68700,-64.29967,101.0,49.0,63579<br>
20170909152018,-36.69033,-64.28017,91.0,53.0,64524<br>
20170909152120,-36.69117,-64.26350,106.0,39.0,65632<br>
20170909152225,-36.69383,-64.24983,105.0,40.0,66875<br>
20170909152330,-36.69683,-64.23767,97.0,30.0,68109<br>
20170909152432,-36.69917,-64.22533,104.0,40.0,69270<br>
20170909152552,-36.70383,-64.20567,107.0,48.0,70684<br>
20170909152703,-36.70800,-64.18700,107.0,41.0,71746<br>
20170909152808,-36.71217,-64.17317,127.0,30.0,72875<br>
20170909152910,-36.71650,-64.16150,100.0,32.0,74255<br>
20170909153427,-36.73633,-64.08917,114.0,46.0,59243<br>
20170909153653,-36.75050,-64.05583,125.0,58.0,52102<br>
20170909153921,-36.78000,-64.01733,134.0,69.0,45851<br>
20170909154030,-36.79683,-63.99617,135.0,79.0,43486<br>
20170909154118,-36.80983,-63.98433,136.0,71.0,41898<br>
20170909154312,-36.84033,-63.95617,140.0,89.0,38641<br>
20170909154614,-36.89833,-63.91333,155.0,72.0,33895<br>
20170909154828,-36.93983,-63.88483,144.0,72.0,30500<br>
20170909155034,-36.97583,-63.85733,148.0,69.0,27558<br>
20170909155439,-37.03433,-63.81400,153.0,49.0,21005<br>
20170909155450,-37.03650,-63.81267,144.0,47.0,20762<br>
20170909155634,-37.05883,-63.79867,140.0,52.0,18574<br>
20170909155649,-37.06167,-63.79600,137.0,51.0,18190<br>
20170909155708,-37.06517,-63.79267,138.0,53.0,17702<br>
20180324133049,-36.15233,-65.38900,18.0,27.0,5398<br>
20180324133158,-36.14483,-65.38550,23.0,26.0,5874<br>
20180324133306,-36.13767,-65.38167,22.0,26.0,6330<br>
20180324133409,-36.13000,-65.37617,34.0,35.0,6979<br>
20180324133654,-36.10733,-65.35250,48.0,46.0,8095<br>
20180324133805,-36.09767,-65.33717,55.0,50.0,8623<br>
20180324133908,-36.09033,-65.32150,63.0,52.0,9200<br>
20180324134111,-36.08200,-65.28533,83.0,51.0,10243<br>
20180324134214,-36.08033,-65.26683,83.0,54.0,10522<br>
20180324134317,-36.07950,-65.24767,87.0,54.0,10856<br>
20180324134422,-36.08033,-65.22833,95.0,53.0,11276<br>
20180324134529,-36.08183,-65.20817,93.0,55.0,11693<br>
20180324134632,-36.08350,-65.18833,95.0,56.0,12096<br>
20180324134642,-36.08383,-65.18500,96.0,55.0,12172<br>
20180324134746,-36.08550,-65.16467,96.0,57.0,12654<br>
20180324134852,-36.08683,-65.14333,92.0,57.0,13215<br>
20180324134956,-36.08800,-65.12267,89.0,58.0,13851<br>
20180324135041,-36.08817,-65.10767,91.0,59.0,14153<br>
20180324135145,-36.08783,-65.08583,88.0,59.0,14559<br>
20180324135248,-36.08750,-65.06400,88.0,63.0,14917<br>
20180324135351,-36.08583,-65.04133,82.0,64.0,15291<br>
20180324135419,-36.08517,-65.03117,85.0,64.0,15452<br>
20180324135523,-36.08383,-65.00683,84.0,68.0,15858<br>
20180324135715,-36.08133,-64.96333,86.0,70.0,16629<br>
20180324135822,-36.08017,-64.93783,87.0,67.0,17082<br>
20180324140021,-36.07733,-64.89283,85.0,63.0,17797<br>
20180324140126,-36.07550,-64.86900,84.0,65.0,18276<br>
20180324140229,-36.07417,-64.84550,86.0,66.0,18745<br>
20180324140332,-36.07333,-64.82233,89.0,67.0,19256<br>
20180324140435,-36.07383,-64.79767,92.0,69.0,19784<br>
20180324140543,-36.07467,-64.77050,91.0,73.0,20280<br>
20180324140647,-36.07517,-64.74367,91.0,72.0,20742<br>
20180324140715,-36.07550,-64.73200,91.0,72.0,20913<br>
20180324140819,-36.07633,-64.70533,94.0,72.0,21333<br>
20180324140935,-36.07800,-64.67483,92.0,70.0,21910<br>
20180324141040,-36.07917,-64.64917,94.0,67.0,22405<br>
20180324141156,-36.08167,-64.61983,97.0,69.0,22897<br>
20180324141309,-36.08583,-64.59167,101.0,69.0,23386<br>
20180324141413,-36.09150,-64.56667,108.0,72.0,24065<br>
20180324141544,-36.10150,-64.53117,110.0,72.0,24662<br>
20180324141641,-36.10883,-64.50833,113.0,78.0,25042<br>
20180324141745,-36.11817,-64.48250,114.0,75.0,25465<br>
20180324141904,-36.13083,-64.45183,121.0,78.0,26092<br>
20180324141945,-36.13083,-64.45183,121.0,78.0,26092<br>
20180324142017,-36.14467,-64.42433,120.0,81.0,26610<br>
20180324142126,-36.15950,-64.39683,124.0,84.0,27010<br>
20180324142239,-36.17583,-64.36667,124.0,89.0,27453<br>
20180324142346,-36.19217,-64.33850,125.0,91.0,27876<br>
20180324142438,-36.20500,-64.31617,125.0,93.0,28257<br>
20180324142541,-36.22083,-64.28850,126.0,94.0,28782<br>
20180324142747,-36.25567,-64.23433,129.0,98.0,29684<br>
20180324142850,-36.27450,-64.20800,131.0,99.0,30477<br>
20180324142953,-36.27450,-64.20800,131.0,99.0,30477<br>
20180324142958,-36.29550,-64.18083,133.0,97.0,31386<br>
20180324143108,-36.31750,-64.15167,132.0,101.0,32265<br>
20180324143154,-36.31750,-64.15167,132.0,101.0,32265<br>
20180324143240,-36.34517,-64.11167,129.0,99.0,33206<br>
20180324143328,-36.35933,-64.08983,127.0,102.0,33669<br>
20180324143435,-36.37717,-64.06033,127.0,97.0,34525<br>
20180324143542,-36.39633,-64.03433,136.0,86.0,35227<br>
20180324143555,-36.37717,-64.06033,127.0,97.0,34525<br>
20180324143645,-36.41500,-64.01367,138.0,83.0,35656<br>
20180324143653,-36.41733,-64.01133,140.0,82.0,35712<br>
20180324143704,-36.42067,-64.00800,141.0,83.0,35784<br>
20180324143809,-36.43933,-63.98867,139.0,81.0,36286<br>
20180324143912,-36.45550,-63.96783,126.0,82.0,37054<br>
20180324143941,-36.46200,-63.95750,128.0,80.0,37303<br>
20180324143944,-36.43933,-63.98867,139.0,81.0,36286<br>
20180324144050,-36.47700,-63.93100,121.0,83.0,37936<br>
20180324144245,-36.50150,-63.88533,117.0,84.0,39097<br>
20180324144348,-36.51100,-63.85833,110.0,82.0,39894<br>
20180324144421,-36.51483,-63.84450,108.0,77.0,40311<br>
20180324144530,-36.51917,-63.81683,96.0,59.0,41367<br>
20180324144643,-36.52283,-63.79500,101.0,57.0,42023<br>
20180324144658,-36.52367,-63.79000,98.0,56.0,42177<br>
20180324144801,-36.52817,-63.76933,103.0,61.0,42863<br>
20180324144912,-36.53383,-63.74583,110.0,65.0,43292<br>
20180324144914,-36.52817,-63.76933,104.0,61.0,42863<br>
20180324144942,-36.53583,-63.73633,106.0,55.0,41869<br>
20180324145002,-36.53383,-63.74583,110.0,65.0,43292<br>
20180324145051,-36.54200,-63.70983,114.0,75.0,39409<br>
20180324145106,-36.54500,-63.70283,121.0,83.0,38838<br>
20180324145200,-36.55667,-63.68167,129.0,78.0,37100<br>
20180324145302,-36.57500,-63.65883,130.0,97.0,35237<br>
20180324145405,-36.59450,-63.63133,129.0,102.0,33462<br>
20180324145509,-36.61433,-63.60350,133.0,107.0,31875<br>
20180324145610,-36.63617,-63.57650,135.0,105.0,30182<br>
20180324145717,-36.65967,-63.54867,136.0,101.0,28572<br>
20180324145749,-36.63617,-63.57650,135.0,105.0,30182<br>
20180324145822,-36.68017,-63.52033,130.0,106.0,27145<br>
20180324145926,-36.69950,-63.49233,128.0,97.0,25734<br>
20180324150006,-36.68017,-63.52033,130.0,106.0,27145<br>
20180324150030,-36.71617,-63.46750,129.0,85.0,24436<br>
20180324150145,-36.73050,-63.43917,112.0,75.0,23045<br>
20180324150232,-36.73767,-63.42117,117.0,82.0,22300<br>
20180324150343,-36.74783,-63.39300,115.0,67.0,21205<br>
20180324150447,-36.75450,-63.36917,110.0,73.0,20237<br>
20180324150643,-36.76200,-63.32567,103.0,65.0,18551<br>
20180324150746,-36.76433,-63.30533,91.0,60.0,17662<br>
20180324150849,-36.76633,-63.28433,95.0,67.0,16731<br>
20180324150954,-36.76717,-63.26267,84.0,58.0,15753<br>
20180324151150,-36.76717,-63.23050,98.0,42.0,13943<br>
20180324151253,-36.76633,-63.21483,80.0,36.0,13015<br>
20180324151303,-36.76617,-63.21250,80.0,36.0,12870<br>
20180324151316,-36.76583,-63.20950,86.0,40.0,12690<br>
20180324151359,-36.76367,-63.19967,82.0,36.0,12119<br>
20180324151408,-36.76300,-63.19750,74.0,31.0,11968<br>
20180324151417,-36.76283,-63.19567,69.0,44.0,11857<br>
20180324151436,-36.76200,-63.19217,85.0,37.0,11601<br>
20180324151443,-36.76167,-63.19033,70.0,28.0,11483<br>
20180324151458,-36.76133,-63.18783,70.0,39.0,11306<br>
20180324151540,-36.75933,-63.17967,70.0,45.0,10768<br>
20180324151553,-36.75867,-63.17700,72.0,44.0,10604<br>
20180324151606,-36.75783,-63.17417,65.0,39.0,10436<br>
20180324151623,-36.75667,-63.17117,55.0,34.0,10236<br>
20180324151635,-36.75600,-63.16967,73.0,27.0,10095<br>
20180324151648,-36.75517,-63.16733,49.0,30.0,9925<br>
20180324151730,-36.75300,-63.16183,64.0,29.0,9384<br>
20180324151814,-36.75133,-63.15733,79.0,14.0,8849<br>
20180324151821,-36.75117,-63.15650,49.0,22.0,8751<br>
20180324151829,-36.75083,-63.15583,81.0,21.0,8642<br>
20180324151842,-36.75033,-63.15450,52.0,10.0,8459<br>
20180324151857,-36.75000,-63.15333,47.0,18.0,8272<br>
20180324151914,-36.74983,-63.15217,75.0,20.0,8055<br>
20180324151920,-36.74950,-63.15167,55.0,19.0,7990<br>
20180324151927,-36.74933,-63.15117,93.0,8.0,7898<br>
20180324151933,-36.74933,-63.15067,67.0,18.0,7826<br>
20180324151939,-36.74900,-63.15033,32.0,11.0,7747<br>
20180324151947,-36.74883,-63.15000,100.0,11.0,7658<br>
20180324151952,-36.74883,-63.14967,79.0,15.0,7606<br>
20180324152001,-36.74867,-63.14917,123.0,6.0,7511<br>
20180324152008,-36.74883,-63.14900,98.0,14.0,7445<br>
20180324152015,-36.74867,-63.14850,32.0,7.0,7360<br>
20180324152022,-36.74867,-63.14833,105.0,13.0,7281<br>
20180324152028,-36.74867,-63.14783,49.0,11.0,7209<br>
20180324152033,-36.74867,-63.14767,120.0,10.0,7140<br>
20180324152042,-36.74867,-63.14700,64.0,15.0,7048<br>
20180324152049,-36.74850,-63.14667,121.0,9.0,6953<br>
20180324152057,-36.74867,-63.14617,78.0,17.0,6871<br>
20180324152103,-36.74833,-63.14567,48.0,9.0,6802<br>
20180324152120,-36.74833,-63.14433,57.0,14.0,6609<br>
20180324152129,-36.74817,-63.14383,93.0,18.0,6500<br>
20180324152208,-36.74767,-63.14083,52.0,15.0,6077<br>
20180324152217,-36.74733,-63.14033,65.0,7.0,5976<br>
20180324152227,-36.74750,-63.13967,88.0,17.0,5864<br>
20180324152231,-36.74733,-63.13917,48.0,15.0,5808<br>
20180324152235,-36.74717,-63.13900,57.0,7.0,5762<br>
20180324152240,-36.74717,-63.13883,84.0,6.0,5717<br>
20180324152244,-36.74717,-63.13867,101.0,10.0,5664<br>
20180324152250,-36.74717,-63.13817,96.0,13.0,5615<br>
20180324152254,-36.74717,-63.13783,54.0,18.0,5562<br>
20180324152258,-36.74700,-63.13767,40.0,14.0,5533<br>
20180324152302,-36.74683,-63.13750,37.0,8.0,5480<br>
20180324152310,-36.74667,-63.13717,92.0,11.0,5402<br>
20180324152314,-36.74667,-63.13683,87.0,14.0,5362<br>
20180324152318,-36.74667,-63.13667,83.0,15.0,5333<br>
20180324152322,-36.74650,-63.13617,45.0,17.0,5287<br>
20180324152334,-36.74617,-63.13567,82.0,13.0,5172<br>
20180324152338,-36.74617,-63.13533,51.0,17.0,5139<br>
20180324152343,-36.74583,-63.13500,26.0,13.0,5106<br>
20180324152347,-36.74583,-63.13500,72.0,6.0,5067<br>
20180324152351,-36.74567,-63.13467,82.0,13.0,5038<br>
20180324152355,-36.74567,-63.13433,64.0,16.0,5011<br>
20180324152359,-36.74550,-63.13400,53.0,17.0,4988<br>
20180324152403,-36.74533,-63.13383,28.0,14.0,4972<br>
20180324152407,-36.74517,-63.13383,15.0,6.0,4939<br>
20180324152411,-36.74500,-63.13367,61.0,9.0,4913<br>
20180324152415,-36.74500,-63.13350,64.0,13.0,4877<br>
20180324152419,-36.74483,-63.13333,60.0,14.0,4847<br>
20180324152422,-36.74467,-63.13300,28.0,20.0,4808<br>
20180324152431,-36.74400,-63.13267,4.0,14.0,4723<br>
20180324152436,-36.74367,-63.13267,9.0,11.0,4690<br>
20180324152439,-36.74350,-63.13267,1.0,13.0,4657<br>
20180324152443,-36.74333,-63.13267,24.0,8.0,4631<br>
20180324152447,-36.74317,-63.13250,49.0,9.0,4562<br>
20180324152452,-36.74300,-63.13217,43.0,20.0,4493<br>
20180324152456,-36.74267,-63.13183,28.0,21.0,4457<br>
20180324152459,-36.74250,-63.13167,23.0,21.0,4428<br>
20180324152507,-36.74167,-63.13150,2.0,20.0,4346<br>
20180324152516,-36.74100,-63.13133,33.0,11.0,4247<br>
20180324152532,-36.74017,-63.13083,38.0,9.0,4142<br>
20180324152545,-36.73950,-63.13000,34.0,19.0,4155<br>
20180324152550,-36.73917,-63.12983,31.0,18.0,4152<br>
20180324152553,-36.73900,-63.12967,56.0,14.0,4145<br>
20180324152557,-36.73883,-63.12950,4.0,15.0,4129<br>
20180324152601,-36.73850,-63.12950,33.0,20.0,4119<br>
20180324152629,-36.73667,-63.12817,4.0,14.0,3955<br>
20180324152633,-36.73633,-63.12800,38.0,18.0,3916<br>
20180324152640,-36.73600,-63.12783,32.0,18.0,3837<br>
20180324152702,-36.73467,-63.12767,350.0,9.0,3614<br>
20180324152706,-36.73450,-63.12767,14.0,12.0,3568<br>
20180324152710,-36.73433,-63.12750,18.0,13.0,3545<br>
20180908134124,-35.81700,-61.91750,0.0,0.0,282<br>
20180908134224,-35.81633,-61.92183,282.0,37.0,1010<br>
20180908134325,-35.81800,-61.93067,270.0,32.0,2296<br>
20180908134426,-35.81900,-61.93683,263.0,30.0,3648<br>
20180908134526,-35.81917,-61.94217,277.0,21.0,4970<br>
20180908134627,-35.82133,-61.94367,173.0,21.0,6269<br>
20180908134727,-35.82400,-61.94050,184.0,5.0,7689<br>
20180908134828,-35.82633,-61.93683,174.0,14.0,9021<br>
20180908134929,-35.82900,-61.93233,131.0,25.0,10373<br>
20180908135130,-35.83250,-61.91967,60.0,22.0,13086<br>
20180908135231,-35.83167,-61.91233,115.0,23.0,14579<br>
20180908135332,-35.83250,-61.90433,87.0,30.0,15989<br>
20180908135432,-35.83383,-61.89000,99.0,56.0,17282<br>
20180908135533,-35.83600,-61.87350,122.0,49.0,18778<br>
20180908135734,-35.83967,-61.83867,98.0,41.0,21520<br>
20180908135835,-35.84100,-61.81867,106.0,55.0,22843<br>
20180908135935,-35.84417,-61.79717,106.0,79.0,24358<br>
20180908140036,-35.84850,-61.77517,106.0,65.0,25526<br>
20180908140136,-35.85017,-61.75050,90.0,64.0,26976<br>
20180908140237,-35.85167,-61.72433,97.0,82.0,28243<br>
20180908140338,-35.85383,-61.69767,92.0,79.0,29594<br>
20180908140439,-35.85750,-61.67033,89.0,70.0,31087<br>
20180908140539,-35.85967,-61.64033,89.0,102.0,32599<br>
20180908140640,-35.86233,-61.60850,101.0,88.0,33898<br>
20180908140841,-35.87033,-61.54500,95.0,84.0,36746<br>
20180908140942,-35.87567,-61.51350,100.0,86.0,38107<br>
20180908141144,-35.88733,-61.44833,104.0,105.0,41103<br>
20180908141244,-35.89167,-61.41400,90.0,87.0,42690<br>
20180908141345,-35.88900,-61.38467,86.0,73.0,44262<br>
20180908141446,-35.88667,-61.35833,92.0,77.0,45600<br>
20180908141547,-35.88667,-61.32933,104.0,103.0,40975<br>
20180908142656,-35.90733,-61.14950,269.0,16.0,3484<br>